MQ 7,MQ 9,TGS 822,TGS 2600,TGS 2602,TGS 2611
0,0,0,7520,6732,14124
0,0,0,7534,8093,13525
0,0,0,7498,8051,14110
0,0,0,7277,8037,14224
0,0,0,7657,8244,13857
0,0,0,7675,8256,13194
0,0,0,7490,8042,14044
0,0,0,7571,8006,14069
0,0,0,7268,8394,14136
0,0,0,7180,8342,14272
0,0,0,7586,8026,14115
0,0,0,7323,7921,14599
0,0,0,7354,6826,14427
0,0,0,7310,7924,14423
0,0,0,7693,8269,14872
0,0,0,7591,8384,14143
0,0,0,7112,8313,14377
0,0,0,7181,8236,14746
0,0,0,7460,8163,14587
0,0,0,7430,7850,14200
0,0,0,7068,7852,14380
0,0,0,7120,7821,14420
0,0,0,7034,8234,14411
0,0,0,7210,8373,14344
0,0,0,7630,8248,13960
0,0,0,7498,7996,14183
0,0,0,7594,8260,14020
0,0,0,7548,8140,14022
0,0,0,7507,8583,14634
0,0,0,6655,8144,14341
0,0,0,7592,8259,14830
0,0,0,7679,8170,13872
0,0,0,7687,8213,13948
0,0,0,7451,8007,14405
0,0,0,7357,8118,14408
0,0,0,7375,7953,14363
0,0,0,7480,7886,14196
0,0,0,7456,8351,14176
0,0,0,7060,8335,14491
0,0,0,7472,8094,13738
0,0,0,7709,8269,14014
0,0,0,7263,8327,14411
0,0,0,7598,8216,14036
0,0,0,7476,8367,14074
0,0,0,7225,8223,14292
0,0,0,8100,8245,14437
0,0,0,7659,8234,13996
0,0,0,7186,8210,14390
0,0,0,7309,8362,14048
0,0,0,7404,7819,14184
0,0,0,7436,7861,14223
0,0,0,7337,7956,14358
0,0,0,7188,8007,13930
0,0,0,7651,8112,13998
0,0,0,7419,8306,13844
0,0,0,7348,8452,14391
0,0,0,7409,7287,14340
0,0,0,7169,8348,14370
0,0,0,6987,7833,14169
0,0,0,7551,8358,14496
0,0,0,7528,8541,14126
0,0,0,7559,8294,14117
0,0,0,7641,8325,14069
0,0,0,6954,8216,14444
0,0,0,7355,8097,14496
0,0,0,7258,8267,14231
0,0,0,7529,8040,14114
0,0,0,6724,8276,14258
0,0,0,7092,8265,14436
0,0,0,7678,8277,13935
0,0,0,7132,8487,14286
0,0,0,7476,8325,14091
0,0,0,7691,8253,14388
0,0,0,7312,7905,14105
0,0,0,7713,8275,13863
0,0,0,7291,7201,14157
0,0,0,7337,7972,14540
0,0,0,7453,8540,14144
0,0,0,7213,8145,14772
0,0,0,7653,8175,13981
0,0,0,7309,8506,14178
0,0,0,7255,8484,14256
0,0,0,7485,8161,14133
0,0,0,7080,7925,14285
0,0,0,7266,8064,14530
0,0,0,7721,8264,13823
0,0,0,7665,8277,14345
0,0,0,7519,8445,14113
0,0,0,7356,8514,14439
0,0,0,7332,8122,14545
0,0,0,7507,7916,13180
0,0,0,7474,7884,14197
0,0,0,7593,8149,14016
0,0,0,7616,9699,13840
0,0,0,7301,8067,14521
0,0,0,7671,8337,13945
0,0,0,7517,8452,14847
0,0,0,7434,8424,14278
0,0,0,7321,8422,14069
0,0,0,7469,8323,14492
0,0,0,7444,8107,14595
0,0,0,7470,8467,14121
0,0,0,7523,8097,14082
0,0,0,7338,8471,14348
0,0,0,7372,8088,14490
0,0,0,7478,8341,14716
0,0,0,7259,8246,14485
0,0,0,7525,8426,14161
0,0,0,7072,8356,14463
0,0,0,7085,8313,14276
0,0,0,7378,8078,16212
0,0,0,7606,8196,14046
0,0,0,7425,8465,14113
0,0,0,7456,8341,13880
0,0,0,7267,8500,13907
0,0,0,7347,8482,14165
0,0,0,8074,8345,14272
0,0,0,6793,8262,14081
0,0,0,7741,8310,14412
0,0,0,7395,8550,14170
0,0,0,7591,8259,13974
0,0,0,7644,8432,14084
0,0,0,7517,8724,14146
0,0,0,7613,8209,14045
0,0,0,7410,8461,14024
0,0,0,7539,8518,14200
0,0,0,7447,8067,14542
0,0,0,7361,8469,14073
0,0,0,7618,8250,13852
0,0,0,7119,8437,14363
0,0,0,7520,7576,14222
0,0,0,7672,7236,13984
0,0,0,7597,8052,14074
0,0,0,7341,8170,14536
0,0,0,7679,8232,13931
0,0,0,7608,8397,13975
0,0,0,7617,8293,14065
0,0,0,7677,8306,14068
0,0,0,7492,8831,14169
0,0,0,7341,8261,14531
0,0,0,7290,8145,14534
0,0,0,7394,8032,13823
0,0,0,7684,8367,13903
0,0,0,7311,8703,14208
0,0,0,7644,8323,13973
0,0,0,7679,8354,14116
0,0,0,7369,8398,14165
0,0,0,7328,8260,14112
0,0,0,7279,8636,14213
0,0,0,7578,7819,13700
0,0,0,7679,8285,14002
0,0,0,7311,7990,14253
0,0,0,7434,8016,14211
0,0,0,7227,8532,14234
0,0,0,7656,8329,13987
0,0,0,7383,8116,13934
0,0,0,6024,8418,14505
0,0,0,7033,8528,14472
0,0,0,7312,8018,14516
0,0,0,7284,8703,14272
0,0,0,7418,8485,14256
0,0,0,7392,8149,14482
0,0,0,7392,8804,14245
0,0,0,7351,8059,14421
0,0,0,7625,9884,14511
0,0,0,7621,8322,14618
0,0,0,6906,8680,14370
0,0,0,7513,8543,14144
0,0,0,7534,8928,14139
0,0,0,7520,8536,14060
0,0,0,7628,8215,13994
0,0,0,7224,8561,14336
0,0,0,7241,8315,14365
0,0,0,7346,8155,14373
0,0,0,7731,8288,13896
0,0,0,7424,8498,14153
0,0,0,7224,8582,14186
0,0,0,7124,8466,14297
0,0,0,7421,8487,14068
0,0,0,7481,8654,13664
0,0,0,7679,8318,13910
0,0,0,7853,8197,14452
0,0,0,7359,8489,14185
0,0,0,7526,9137,14139
0,0,0,7204,8601,14304
0,0,0,7374,8349,14445
0,0,0,7280,8000,14520
0,0,0,8115,7679,14447
0,0,0,7263,8143,14664
0,0,0,7275,8135,13850
0,0,0,7184,8464,14444
0,0,0,7426,7893,14178
0,0,0,7477,8600,14480
0,0,0,7446,8069,14404
0,0,0,7509,8004,14213
0,0,0,7084,8295,13264
0,0,0,7293,8544,14187
0,0,0,7390,8456,14099
0,0,0,7416,8472,14025
0,0,0,8125,8297,14392
0,0,0,7284,8549,14189
0,0,0,7714,8351,14342
0,0,0,7474,8612,14081
0,0,0,7385,8429,14088
0,0,0,7570,8144,14154
0,0,0,7328,8608,14348
0,0,0,7284,8643,14354
0,0,0,7579,8809,14233
0,0,0,7880,8316,14456
0,0,0,8168,8392,14497
0,0,0,7703,8272,14023
0,0,0,7356,8064,14256
0,0,0,7422,8427,14288
0,0,0,7191,8446,14111
0,0,0,7455,8494,14093
0,0,0,7480,8503,14085
0,0,0,7329,8703,14251
0,0,0,7197,8668,14345
0,0,0,7882,8108,14181
0,0,0,7528,8469,13856
0,0,0,7563,8499,14808
0,0,0,7544,8574,14668
0,0,0,7364,8258,14477
0,0,0,7405,8168,14520
0,0,0,7690,8164,14003
0,0,0,7456,8126,14509
0,0,0,7604,8320,13999
0,0,0,7622,8084,14061
0,0,0,7554,8309,14086
0,0,0,7416,8556,14099
0,0,0,7460,8537,14185
0,0,0,7319,8783,14167
0,0,0,7103,8399,14427
0,0,0,7586,8532,14840
0,0,0,7467,8551,14128
0,0,0,7400,8214,14406
0,0,0,7637,8403,14032
0,0,0,7358,8156,14441
0,0,0,7393,8247,13859
0,0,0,7488,8407,14107
0,0,0,7626,8289,14285
0,0,0,7417,8408,13882
0,0,0,7373,8230,14548
0,0,0,7560,8158,14171
0,0,0,7274,8635,14160
0,0,0,7679,8341,13922
0,0,0,7696,8320,14012
0,0,0,7679,8385,13980
0,0,0,7054,8426,14353
0,0,0,7344,8098,14348
0,0,0,7679,8383,13847
0,0,0,7192,8624,14344
0,0,0,7227,7531,14283
0,0,0,7263,8562,14129
0,0,0,7193,8628,14477
0,0,0,7380,8282,14443
0,0,0,7665,8332,13859
0,0,0,7538,8356,14046
0,0,0,7548,8468,13508
0,0,0,7506,8013,14183
0,0,0,7423,8063,14171
0,0,0,7778,8419,13839
0,0,0,7173,8201,13996
0,0,0,7960,7279,14362
0,0,0,7602,8214,13998
0,0,0,7128,8341,14384
0,0,0,7457,7900,14181
0,0,0,7603,7939,14073
0,0,0,7818,8325,13893
0,0,0,7341,8680,14161
0,0,0,7172,8374,14400
0,0,0,7090,8353,14496
0,0,0,7333,8134,14445
0,0,0,7543,8007,14138
0,0,0,7485,8152,14096
0,0,0,7496,8504,15212
0,0,0,7598,8137,14132
0,0,0,7276,8163,14223
0,0,0,7115,7781,14290
0,0,0,8177,8600,13968
0,0,0,7383,8292,14078
0,0,0,7482,8370,14198
0,0,0,7465,8465,14123
0,0,0,7440,8337,14247
0,0,0,7489,8473,14075
0,0,0,7326,8280,14511
0,0,0,7409,8611,14116
0,0,0,7405,8536,14120
0,0,0,7571,7924,14088
0,0,0,7641,8601,14112
0,0,0,7679,8120,14006
0,0,0,8388,8425,13872
0,0,0,7533,7997,14153
0,0,0,7249,8703,14192
0,0,0,7552,8088,14177
0,0,0,7225,8322,14249
0,0,0,7383,8134,14464
0,0,0,6804,8223,13929
0,0,0,7586,8741,14058
0,0,0,7421,8116,14186
0,0,0,7777,8315,13857
0,0,0,7318,8942,13725
0,0,0,7550,8490,14078
0,0,0,7216,8574,14538
0,0,0,7210,8661,14225
0,0,0,7484,8112,14175
0,0,0,7331,8610,14116
0,0,0,7662,8384,13949
0,0,0,7515,8868,14052
0,0,0,7362,8234,14160
0,0,0,6937,8266,14626
0,0,0,7428,8599,14074
0,0,0,7536,8466,14674
0,0,0,7188,8348,14295
0,0,0,7686,8323,14022
0,0,0,8036,8259,14356
0,0,0,7542,7914,14117
0,0,0,7333,8666,14188
0,0,0,7243,8640,14153
0,0,0,7340,8493,14086
0,0,0,7425,8322,13833
0,0,0,7207,9082,14356
0,0,0,7046,8385,14466
0,0,0,8194,8299,14388
0,0,0,6176,8542,14248
0,0,0,7212,8503,14209
0,0,0,7673,8314,13930
0,0,0,7652,8247,14000
0,0,0,7514,7958,14094
0,0,0,7126,8312,14350
0,0,0,7438,8426,13961
0,0,0,8405,8243,14526
0,0,0,7584,8243,14053
0,0,0,7221,8446,14213
0,0,0,7296,8641,14220
0,0,0,7282,8575,14162
0,0,0,7575,8759,14139
0,0,0,8067,8336,14500
0,0,0,6960,8474,13856
0,0,0,7756,8450,14862
0,0,0,7746,8240,13770
0,0,0,7338,8530,14130
0,0,0,8011,8460,13994
0,0,0,7514,8528,14152
0,0,0,7564,8826,13922
0,0,0,7625,8126,14010
0,0,0,7489,9020,13983
0,0,0,8358,8513,14036
0,0,0,7313,8539,14219
0,0,0,7352,8506,14076
0,0,0,7483,8392,14031
0,0,0,7031,8198,14230
0,0,0,7671,8275,13799
0,0,0,7247,8352,14221
0,0,0,7509,8451,14037
0,0,0,7536,7952,14188
0,0,0,7196,8442,14237
0,0,0,7261,8406,14248
0,0,0,7613,8512,13959
0,0,0,7442,8280,14420
0,0,0,7454,8409,13771
0,0,0,7481,8422,13500
0,0,0,7361,8535,14110
0,0,0,7785,8412,13798
0,0,0,7408,8563,14077
0,0,0,7600,8425,14349
0,0,0,7409,8046,13564
0,0,0,7680,8248,13871
0,0,0,7447,7971,14102
0,0,0,7490,8178,14371
0,0,0,7538,7968,14152
0,0,0,6704,8239,14213
0,0,0,7584,8280,14056
0,0,0,6655,8394,14179
0,0,0,7306,8114,14170
0,0,0,7771,8584,14186
0,0,0,7686,8150,13900
0,0,0,7360,8153,14343
0,0,0,7372,8125,14299
0,0,0,7688,8389,13897
0,0,0,7527,8477,14220
0,0,0,7387,8250,14241
0,0,0,7466,8239,14344
0,0,0,7694,8275,13823
0,0,0,7357,8287,13823
0,0,0,7317,8324,14124
0,0,0,7297,7697,14455
0,0,0,7440,8114,14448
0,0,0,7796,8267,13834
0,0,0,7529,8206,14347
0,0,0,7671,8250,13947
0,0,0,7649,8246,13948
0,0,0,7693,8147,13925
0,0,0,8384,8406,14259
0,0,0,7316,8520,13853
0,0,0,7215,8345,14212
0,0,0,7472,8436,13913
0,0,0,7679,8329,13753
0,0,0,7604,8336,13894
0,0,0,7549,7852,14104
0,0,0,7122,7872,14372
0,0,0,7454,8619,13998
0,0,0,7739,8210,13827
0,0,0,7273,8309,12956
0,0,0,7367,8423,13765
0,0,0,7430,8464,13800
0,0,0,7351,8217,14160
0,0,0,7465,8554,14016
0,0,0,5935,8400,14374
0,0,0,7116,8410,14245
0,0,0,7633,8163,13916
0,0,0,7494,8594,14059
0,0,0,7468,8602,14021
0,0,0,7861,8338,13802
0,0,0,7425,8201,14365
0,0,0,7550,8030,14233
0,0,0,7580,8309,14068
0,0,0,7460,8169,14418
0,0,0,7679,8339,13833
0,0,0,7257,8230,14219
0,0,0,7668,8199,13957
0,0,0,7443,8703,14022
0,0,0,7422,8101,14190
0,0,0,7339,8604,14039
0,0,0,7820,8258,13837
0,0,0,7432,8141,14278
0,0,0,8176,8234,14232
0,0,0,7658,8274,13828
0,0,0,7302,8009,14135
0,0,0,7617,8261,13930
0,0,0,7388,8234,14400
0,0,0,7498,8457,14754
0,0,0,7412,8599,14106
0,0,0,7809,8342,14859
0,0,0,7400,8106,14287
0,0,0,7401,8485,13969
0,0,0,7441,8312,14255
0,0,0,7296,8536,14134
0,0,0,7576,8349,14049
0,0,0,6731,8413,14232
0,0,0,7265,8445,14236
0,0,0,7583,8000,14048
0,0,0,7492,8466,12855
0,0,0,7584,8972,14037
0,0,0,7767,8358,13761
0,0,0,7346,8198,14353
0,0,0,7553,8446,13717
0,0,0,7295,8615,14229
0,0,0,7766,8244,14225
0,0,0,7388,8433,13851
0,0,0,8269,8312,14273
0,0,0,7686,8324,13760
0,0,0,7651,8224,13882
0,0,0,7368,8665,14184
0,0,0,7670,9489,14000
0,0,0,7780,8384,13781
0,0,0,7566,8126,14340
0,0,0,7303,8544,14083
0,0,0,7670,8004,13946
0,0,0,7517,8386,14057
0,0,0,7656,8501,14015
0,0,0,7530,8020,13941
0,0,0,7605,8011,13973
0,0,0,6987,8516,14345
0,0,0,7296,8571,14151
0,0,0,7679,8266,13851
0,0,0,7280,8642,14155
0,0,0,7641,8646,13992
0,0,0,7285,8580,14110
0,0,0,7702,8433,13820
0,0,0,7545,7816,14069
0,0,0,7570,8004,13987
0,0,0,7694,8349,13818
0,0,0,7679,8360,13960
0,0,0,7391,8145,14248
0,0,0,7576,8332,14281
0,0,0,6905,8429,14264
0,0,0,7775,8380,13808
0,0,0,6691,8549,14246
0,0,0,7979,8420,14278
0,0,0,6945,8499,14157
0,0,0,7428,8523,14059
0,0,0,7440,8060,14250
0,0,0,7380,8261,14447
0,0,0,8483,8198,14395
0,0,0,7396,8206,13401
0,0,0,7204,8430,14207
0,0,0,6539,8297,13952
0,0,0,7460,8440,14743
0,0,0,7493,8022,14170
0,0,0,7732,8234,13704
0,0,0,7720,8384,12975
0,0,0,7590,8048,14093
0,0,0,7432,8667,14084
0,0,0,7232,8598,14102
0,0,0,7570,8543,14006
0,0,0,7209,8446,14130
0,0,0,7492,8136,14293
0,0,0,7670,8132,14116
0,0,0,7270,8505,13536
0,0,0,7677,8256,14303
0,0,0,7548,8227,14271
0,0,0,7722,8422,13874
0,0,0,7462,8222,14535
0,0,0,7286,8587,14278
0,0,0,7593,8024,14123
0,0,0,8192,8317,14354
0,0,0,7369,8213,14415
0,0,0,7617,8120,14029
0,0,0,7497,8008,14044
0,0,0,7636,8256,14265
0,0,0,7688,8390,13781
0,0,0,7448,8318,14387
0,0,0,6600,8451,13559
0,0,0,7801,8319,13832
0,0,0,7464,8624,14062
0,0,0,7530,8362,13822
0,0,0,7461,8117,13997
0,0,0,7616,8517,14108
0,0,0,7598,8363,14643
0,0,0,6988,8548,14336
0,0,0,7409,8129,14309
0,0,0,7647,8603,13992
0,0,0,7300,8306,14144
0,0,0,7786,8089,14806
0,0,0,7320,8324,14510
0,0,0,7815,8356,13823
0,0,0,7587,8612,13969
0,0,0,7793,8458,13991
0,0,0,7368,8601,14153
0,0,0,7509,9152,14156
0,0,0,7780,8608,14174
0,0,0,7509,8276,14362
0,0,0,7679,8246,13830
0,0,0,7433,7779,14466
0,0,0,7924,7679,14376
0,0,0,7801,8428,13826
0,0,0,7679,8152,14032
0,0,0,7578,8162,14128
0,0,0,7620,8618,13943
0,0,0,6393,8595,14091
0,0,0,7398,8565,14112
0,0,0,7350,8593,14097
0,0,0,7679,8433,13821
0,0,0,7193,8457,14277
0,0,0,7310,8610,14180
0,0,0,7660,8280,14036
0,0,0,7434,8264,14405
0,0,0,7434,7750,14411
0,0,0,7388,8628,14056
0,0,0,7679,8625,14009
0,0,0,7622,8157,14132
0,0,0,7683,8440,13906
0,0,0,7345,8356,14256
0,0,0,7760,8388,13449
0,0,0,7384,8385,13752
0,0,0,7468,8703,13997
0,0,0,7600,8528,14042
0,0,0,7008,8039,14014
0,0,0,7414,8223,14369
0,0,0,7656,8703,14780
0,0,0,7532,8152,14054
0,0,0,7733,8275,14059
0,0,0,7502,8653,14019
0,0,0,7597,8654,14014
0,0,0,7414,8171,13756
0,0,0,7644,8084,14076
0,0,0,7868,8452,13940
0,0,0,7473,8301,14260
0,0,0,7811,8489,13852
0,0,0,7587,9416,14075
0,0,0,7514,8703,14144
0,0,0,7846,8227,13323
0,0,0,7435,7870,14008
0,0,0,7472,8211,14340
0,0,0,7679,8378,13903
0,0,0,7823,8462,13781
0,0,0,7591,8899,14083
0,0,0,7532,8562,13932
0,0,0,7802,9020,13771
0,0,0,7607,9072,14020
0,0,0,7647,8820,14008
0,0,0,7492,8522,14021
0,0,0,7539,8538,14016
0,0,0,7613,8327,13999
0,0,0,7536,8355,14252
0,0,0,7636,8266,14040
0,0,0,7253,8784,14116
0,0,0,7616,8544,13740
0,0,0,7696,8411,13896
0,0,0,7801,8413,14296
0,0,0,7481,8294,14366
0,0,0,7409,8630,14084
0,0,0,7679,8320,13851
0,0,0,7499,8577,13592
0,0,0,7726,8408,14709
0,0,0,7630,8303,14207
0,0,0,7360,8630,14115
0,0,0,7589,8514,14699
0,0,0,7796,8469,13768
0,0,0,7679,8867,13979
0,0,0,7527,8161,14267
0,0,0,7198,8403,13598
0,0,0,7396,8599,14110
0,0,0,7396,8420,14372
0,0,0,7648,8467,13919
0,0,0,7578,8562,13957
0,0,0,7552,8539,14040
0,0,0,7662,8090,14079
0,0,0,7481,8236,14272
0,0,0,7319,8502,14141
0,0,0,7588,8448,13986
0,0,0,7516,8610,13933
0,0,0,7253,8342,14267
0,0,0,7545,8156,14422
0,0,0,7393,8677,14063
0,0,0,7342,8490,14216
0,0,0,7811,7693,14347
0,0,0,7645,8221,14372
0,0,0,7309,8703,14106
0,0,0,7452,8237,14261
0,0,0,7669,8386,13911
0,0,0,7303,8416,13956
0,0,0,6751,8599,14246
0,0,0,7532,8072,14159
0,0,0,7679,8415,13831
0,0,0,7748,8238,13848
0,0,0,7840,8440,15059
0,0,0,7858,8328,13823
0,0,0,7812,7256,13823
0,0,0,7440,8230,14306
0,0,0,7807,8505,14052
0,0,0,7070,8371,13830
0,0,0,7557,8122,14362
0,0,0,7477,8229,14347
0,0,0,7687,8055,14157
0,0,0,7512,8275,14269
0,0,0,6617,8657,13965
0,0,0,7559,8135,14263
0,0,0,7724,8311,13903
0,0,0,7470,8518,14050
0,0,0,7456,8592,14065
0,0,0,6984,8471,14198
0,0,0,7950,8338,13653
0,0,0,7525,9101,14114
0,0,0,7679,8316,13934
0,0,0,7679,8298,13904
0,0,0,7737,8330,14274
0,0,0,7584,8383,14236
0,0,0,7202,8517,14274
0,0,0,7732,8236,13869
0,0,0,7554,8138,13428
0,0,0,7687,8223,13963
0,0,0,7639,8838,14044
0,0,0,7628,8715,14013
0,0,0,7594,8385,14063
0,0,0,7471,8408,13826
0,0,0,7648,9000,14024
0,0,0,7594,8290,14047
0,0,0,7570,8005,14099
0,0,0,7443,8512,14090
0,0,0,7558,8540,14084
0,0,0,7566,8055,14120
0,0,0,7776,8356,13814
0,0,0,7586,8899,14032
0,0,0,7414,8605,14114
0,0,0,7621,8055,14167
0,0,0,7966,8282,14057
0,0,0,7781,8305,13777
0,0,0,7598,8703,14185
0,0,0,7679,7956,14006
0,0,0,7429,8134,14426
0,0,0,7722,8320,13922
0,0,0,7642,8002,14131
0,0,0,7690,8295,13938
0,0,0,7597,8165,14162
0,0,0,7872,8354,13825
0,0,0,7510,8106,14468
0,0,0,7241,8501,14250
0,0,0,7679,8680,13998
0,0,0,7361,8417,14191
0,0,0,7871,8294,13803
0,0,0,7377,8461,14167
0,0,0,7858,8247,13931
0,0,0,7819,8672,13843
0,0,0,7816,8336,13464
0,0,0,7713,8491,14148
0,0,0,7656,8077,14062
0,0,0,8102,8576,14136
0,0,0,8448,7762,14209
0,0,0,7793,8346,13966
0,0,0,7405,8574,14293
0,0,0,7580,8221,14190
0,0,0,7714,8310,13966
0,0,0,8553,8224,13840
0,0,0,7496,8683,14168
0,0,0,7613,8626,14128
0,0,0,7574,8099,14060
0,0,0,7800,8165,13864
0,0,0,7510,8148,14201
0,0,0,7538,8132,14088
0,0,0,7306,8020,14202
0,0,0,7493,8560,14068
0,0,0,7318,8404,14242
0,0,0,7778,8381,13847
0,0,0,7608,8135,14392
0,0,0,7423,8361,14113
0,0,0,7698,8295,13980
0,0,0,7832,8440,13886
0,0,0,7677,8982,14089
0,0,0,7572,8361,14431
0,0,0,7488,8343,14338
0,0,0,7514,8569,14137
0,0,0,7436,8703,14126
0,0,0,7265,8440,14341
0,0,0,7674,8010,14128
0,0,0,7515,7106,14402
0,0,0,7518,8696,14140
0,0,0,7788,8384,14488
0,0,0,7678,8310,14255
0,0,0,7651,8153,14112
0,0,0,7765,8418,14106
0,0,0,10133,8061,14216
0,0,0,7611,8613,14037
0,0,0,7401,8660,14103
0,0,0,7341,8465,14214
0,0,0,7686,8420,13799
0,0,0,7677,8168,13472
0,0,0,7651,8232,13594
0,0,0,7730,7117,13976
0,0,0,7241,8438,14442
0,0,0,7738,8272,13946
0,0,0,7226,8400,14510
0,0,0,7772,8426,13962
0,0,0,7679,8832,14089
0,0,0,7565,8491,14209
0,0,0,7690,8356,14295
0,0,0,7721,8210,13316
0,0,0,7793,8334,13823
0,0,0,7761,8210,13888
0,0,0,7590,8006,14218
0,0,0,8084,8274,14461
0,0,0,7804,8420,13877
0,0,0,8514,8361,14346
0,0,0,7622,8090,14201
0,0,0,7830,8422,13945
0,0,0,7764,8304,14007
0,0,0,7717,8258,13962
0,0,0,7821,8499,13936
0,0,0,6886,8518,14693
0,0,0,7639,8312,13970
0,0,0,7676,9269,13701
0,0,0,7785,8389,11399
0,0,0,7550,8582,14093
0,0,0,7488,8561,14196
0,0,0,7359,8591,14169
0,0,0,7489,8196,14458
0,0,0,7515,8292,14396
0,0,0,7608,7461,14248
0,0,0,7629,8434,14401
0,0,0,7800,8342,13916
0,0,0,7529,8377,14244
0,0,0,7780,8337,13800
0,0,0,7476,9265,14176
0,0,0,6736,8314,14279
0,0,0,7185,8703,14155
0,0,0,7369,7829,14214
0,0,0,7237,8488,14416
0,0,0,7764,7616,14020
0,0,0,7590,8528,14271
0,0,0,7570,8139,14364
0,0,0,7901,8350,13955
0,0,0,7355,8609,14288
0,0,0,6922,8339,14526
0,0,0,7679,8284,13962
0,0,0,7507,8164,14578
0,0,0,7475,8720,14122
0,0,0,7916,8222,13964
0,0,0,7474,8105,14168
0,0,0,7804,8858,13884
0,0,0,7483,8532,14166
0,0,0,7679,8316,14400
0,0,0,7584,8545,14070
0,0,0,7754,8437,14590
0,0,0,7463,8556,14937
0,0,0,7999,8602,14128
0,0,0,7474,8614,14106
0,0,0,7508,8140,14173
0,0,0,7282,8357,14400
0,0,0,7806,8298,13920
0,0,0,7589,8384,13494
0,0,0,7443,8156,14423
0,0,0,7392,8454,14066
0,0,0,7491,8271,12662
0,0,0,7717,8280,13833
0,0,0,7677,9104,13819
0,0,0,7487,8703,14269
0,0,0,7417,8681,14200
0,0,0,7463,8284,14431
0,0,0,7360,8703,14256
0,0,0,7506,8273,14438
0,0,0,7683,10198,14082
0,0,0,8693,9030,14144
0,0,0,7528,8332,14344
0,0,0,7624,9893,14027
0,0,0,7679,8231,14054
0,0,0,7660,8442,14847
0,0,0,7907,8402,13877
0,0,0,7663,8076,14188
0,0,0,7811,8415,13944
0,0,0,7432,8602,14161
0,0,0,7417,8263,14412
0,0,0,7751,8324,13993
0,0,0,7511,8553,14150
0,0,0,7429,8401,14230
0,0,0,7396,8616,14185
0,0,0,7644,8556,13870
0,0,0,7222,8090,14198
0,0,0,7451,8669,14153
0,0,0,7679,8352,14061
0,0,0,7360,8389,13814
0,0,0,7528,8703,14138
0,0,0,7819,8294,13910
0,0,0,7576,8624,14611
0,0,0,7536,8289,14411
0,0,0,7880,8444,13912
0,0,0,7856,8484,13913
0,0,0,7496,8683,14217
0,0,0,7344,8731,14242
0,0,0,8004,8409,14393
0,0,0,5120,8645,14131
0,0,0,7528,8311,14452
0,0,0,7588,8087,14296
0,0,0,7796,8277,14029
0,0,0,7331,8325,14266
0,0,0,6597,8468,14241
0,0,0,7298,8432,14244
0,0,0,7666,8167,14234
0,0,0,7647,8206,14276
0,0,0,7679,8375,14810
0,0,0,7619,8581,13967
0,0,0,7841,8463,13859
0,0,0,7473,7527,14598
0,0,0,6337,7839,14222
0,0,0,7696,8264,14113
0,0,0,7800,8482,13938
0,0,0,7376,8448,14370
0,0,0,7574,8269,14400
0,0,0,7679,8538,14098
0,0,0,7636,8555,14037
0,0,0,7554,8256,14350
0,0,0,7656,8169,14260
0,0,0,7653,8310,13990
0,0,0,8979,8118,14090
0,0,0,7400,8455,14246
0,0,0,7451,8298,14488
0,0,0,7453,8668,14193
0,0,0,7383,8464,14254
0,0,0,8360,8390,14344
0,0,0,7551,8451,14212
0,0,0,7306,7733,14434
0,0,0,7606,8684,14056
0,0,0,7824,8376,13911
0,0,0,7661,9250,14095
0,0,0,8122,8443,13313
0,0,0,7226,8568,13866
0,0,0,7583,8278,14488
0,0,0,7512,8703,14180
0,0,0,7601,8648,14462
0,0,0,7850,8487,14013
0,0,0,7832,8497,13928
0,0,0,6886,9598,14436
0,0,0,7638,9339,14117
0,0,0,7629,8272,14452
0,0,0,7783,8564,13986
0,0,0,7469,8654,14145
0,0,0,7531,8174,14282
0,0,0,7775,8512,14293
0,0,0,7828,8574,13921
0,0,0,7641,8237,14203
0,0,0,7343,8548,14244
0,0,0,7659,8524,12548
0,0,0,7618,8138,13506
0,0,0,7530,8192,14797
0,0,0,7452,8259,14352
0,0,0,7361,8560,14370
0,0,0,7389,8703,14224
0,0,0,7307,8616,14367
0,0,0,7409,8737,14199
0,0,0,7756,8525,13971
0,0,0,7726,7988,14148
0,0,0,7521,8731,14263
0,0,0,7706,8218,14344
0,0,0,7480,8308,14444
0,0,0,7504,8625,14078
0,0,0,7330,8484,14303
0,0,0,7319,8608,11912
0,0,0,7760,8505,13760
0,0,0,7432,8708,14263
0,0,0,7897,8502,13900
0,0,0,7770,8478,13942
0,0,0,7863,8695,13840
0,0,0,7830,8503,13977
0,0,0,7739,8572,14064
0,0,0,7637,8324,14515
0,0,0,7722,7768,14132
0,0,0,7543,8373,14554
0,0,0,7860,8411,13868
0,0,0,7535,8269,14184
0,0,0,7546,8313,14455
0,0,0,7766,8437,14026
0,0,0,7845,8415,13984
0,0,0,7540,8372,14386
0,0,0,7679,8131,14180
0,0,0,7520,8703,14145
0,0,0,7277,8601,13801
0,0,0,7865,8547,14245
0,0,0,7465,8523,14365
0,0,0,7633,8139,14251
0,0,0,7257,8568,14458
0,0,0,7289,8586,14369
0,0,0,7008,8716,14206
0,0,0,7608,8339,14443
0,0,0,7848,8520,14008
0,0,0,8244,8404,14440
0,0,0,7535,8654,14121
0,0,0,7445,8703,14164
0,0,0,7722,8416,13908
0,0,0,7304,8153,14370
0,0,0,7874,8547,14013
0,0,0,7907,8417,14149
0,0,0,7499,8764,14111
0,0,0,7291,8553,14349
0,0,0,7690,9259,14228
0,0,0,7312,8949,14529
0,0,0,6933,8456,14221
0,0,0,7533,8703,14188
0,0,0,7754,8433,14052
0,0,0,7480,8164,14549
0,0,0,7730,9009,14039
0,0,0,7309,8639,14358
0,0,0,7361,8572,14373
0,0,0,7560,8479,14471
0,0,0,7643,8350,14440
0,0,0,7470,8597,14351
0,0,0,7534,7957,14130
0,0,0,7678,8933,14184
0,0,0,7414,8630,14301
0,0,0,7664,8385,14031
0,0,0,7809,8532,14008
0,0,0,7476,8797,14290
0,0,0,7628,8421,14449
0,0,0,7679,8296,14253
0,0,0,7500,8388,14002
0,0,0,7484,8243,14289
0,0,0,7506,8680,14251
0,0,0,7657,8305,14120
0,0,0,7785,8703,13908
0,0,0,7803,8433,14056
0,0,0,7690,8274,13979
0,0,0,7639,8656,14089
0,0,0,7803,8552,14056
0,0,0,7458,8418,14507
0,0,0,7792,8583,13974
0,0,0,6824,8714,14204
0,0,0,7762,8703,14549
0,0,0,7818,8646,13933
0,0,0,7766,8584,13978
0,0,0,7688,8538,14106
0,0,0,7560,8774,14218
0,0,0,7567,8645,14490
0,0,0,7915,8346,13896
0,0,0,7656,8916,14017
0,0,0,7401,8894,14263
0,0,0,7573,8271,14156
0,0,0,7679,9379,14158
0,0,0,7664,8771,14157
0,0,0,7488,8528,14955
0,0,0,7063,8769,14044
0,0,0,7725,8572,14251
0,0,0,7505,8446,13910
0,0,0,7636,7418,14276
0,0,0,7896,8504,13913
0,0,0,7427,8877,14288
0,0,0,7528,8804,14183
0,0,0,7678,8323,14210
0,0,0,7699,8645,13857
0,0,0,7728,8229,14193
0,0,0,7679,8306,14266
0,0,0,7650,9173,14081
0,0,0,7758,8418,14047
0,0,0,7532,8928,14161
0,0,0,10602,8368,14468
0,0,0,7769,8939,14095
0,0,0,7602,8515,14426
0,0,0,7769,9453,14140
0,0,0,7639,8656,13989
0,0,0,7673,8538,14180
0,0,0,7679,8687,14548
0,0,0,7437,8755,14249
0,0,0,7417,8635,14226
0,0,0,7560,8455,14555
0,0,0,7928,8485,13937
0,0,0,7473,8445,14518
0,0,0,7668,7650,14220
0,0,0,7679,8234,13992
0,0,0,7489,7732,14198
0,0,0,8001,8458,14410
0,0,0,7701,8305,14174
0,0,0,7679,8703,13968
0,0,0,7700,8679,14058
0,0,0,7516,8564,14255
0,0,0,7887,8703,14111
0,0,0,7452,8392,14308
0,0,0,7917,8563,13866
0,0,0,7504,8513,14468
0,0,0,7706,8719,14828
0,0,0,7533,8493,14455
0,0,0,7543,8418,14136
0,0,0,7339,8585,14354
0,0,0,6948,8525,14640
0,0,0,7769,8546,13936
0,0,0,8012,8423,14081
0,0,0,7396,8656,14235
0,0,0,7337,8678,14344
0,0,0,7679,9111,14183
0,0,0,8440,8564,14248
0,0,0,7736,8462,14134
0,182,0,7489,8845,15689
0,0,0,7719,8244,14157
0,0,0,7804,8424,13998
0,0,0,7679,8340,14230
0,0,0,7366,8563,14388
0,0,0,7753,8352,13949
0,0,0,7575,8658,14450
0,0,0,7455,8775,14194
0,0,0,7679,8713,13960
0,0,0,7915,8501,14048
0,0,0,7640,8772,14011
0,0,0,7475,8727,14137
0,0,0,7637,8388,14224
0,0,0,7652,8743,14040
0,0,0,7506,8491,14471
0,0,0,7631,7568,14238
0,0,0,7606,8841,14028
0,0,0,7852,8703,13823
0,0,0,7727,9314,14112
0,0,0,7849,8703,13884
0,0,0,7423,8329,14244
0,0,0,7865,8720,13964
0,0,0,7679,8968,14253
0,0,0,8312,8740,14075
0,0,0,7639,8417,14201
0,0,0,7710,8705,14210
0,0,0,7679,8420,14189
0,0,0,7593,8233,14456
0,0,0,7489,8858,14221
0,0,0,7698,8690,13914
0,0,0,7679,8345,14187
0,0,0,7536,8792,14117
0,0,0,7842,8000,13904
0,0,0,7473,8976,14038
0,0,0,7030,8566,14509
0,0,0,7605,8819,14128
0,0,0,7602,8824,14116
0,0,0,7803,8612,14001
0,0,0,7512,8824,14155
0,0,0,7660,8453,14383
0,0,0,7679,9156,14144
0,0,0,7895,8530,13938
0,0,0,7414,8729,14272
0,0,0,7520,8452,14500
0,0,0,7679,8378,14430
0,0,0,7432,8603,14368
0,0,0,7892,8640,13809
0,0,0,7860,9037,13854
0,0,0,7679,8801,14105
0,0,0,7752,8275,14134
0,0,0,7434,8901,14178
0,0,0,7636,8336,14204
0,0,0,7679,8474,14222
0,0,0,7544,8917,14096
0,0,0,7348,8815,14308
0,0,0,7787,8575,13904
0,0,0,7609,7842,13736
0,0,0,7616,8808,14094
0,0,0,7902,8554,13997
0,0,0,7319,8713,14212
0,0,0,7587,8483,14433
0,0,0,7873,8618,14054
0,0,0,7523,8891,13948
0,0,0,7808,8558,14000
0,0,0,7055,7468,14138
0,0,0,7877,8658,14101
0,0,0,7725,8063,13563
0,0,0,7318,8693,13793
0,0,0,7628,8565,14441
0,0,0,7644,8703,14113
0,0,0,7659,8515,14236
0,0,0,7857,8701,13912
0,0,0,7350,8694,14250
0,0,0,7707,8951,14632
0,0,0,7450,8757,14352
0,0,0,7804,8703,14694
0,0,0,7783,8667,13799
0,0,0,7610,8351,14257
0,0,0,7365,8757,14265
0,0,0,7472,8770,14222
0,0,0,7822,8665,13883
0,0,0,8007,8587,14294
0,0,0,7660,8479,14490
0,0,0,7769,8454,13923
0,0,0,7540,8906,14176
0,0,0,7826,8669,14072
0,0,0,7466,8877,14229
0,0,0,7592,8560,14429
0,0,0,7834,8654,13910
0,0,0,7573,8730,14043
0,0,0,7381,8606,14266
0,0,0,8408,8682,14342
0,0,0,7848,8599,13823
0,0,0,7679,8339,14404
0,0,0,7679,8301,14128
0,0,0,7653,8353,14204
0,0,0,7679,8545,14067
0,0,0,7613,8704,14152
0,0,0,6730,8702,14360
0,0,0,7727,8526,14044
0,0,0,7302,8703,14430
0,0,0,7852,8493,13944
0,0,0,7793,8530,14067
0,0,0,7887,8585,14159
0,0,0,7467,8640,14360
0,0,0,7907,8657,13962
0,0,0,7551,8807,14170
0,0,0,7214,8680,14356
0,0,0,7363,8800,14299
0,0,0,7496,8538,14539
0,0,0,7670,8329,14281
0,0,0,7530,8530,14140
0,0,0,7791,8750,14817
0,0,0,7473,8789,14141
0,0,0,7682,8352,14361
0,0,0,6643,8605,14012
0,0,0,7666,8703,14103
0,0,0,7658,8747,14060
0,0,0,7679,8408,13866
0,0,0,7653,8505,14352
0,0,0,7504,8840,14265
0,0,0,7264,8718,14292
0,0,0,7464,8704,14505
0,0,0,7467,8897,14656
0,0,0,7678,8351,14295
0,0,0,7744,8812,14053
0,0,0,7560,8955,14345
0,0,0,7556,8788,14546
0,0,0,7823,8631,13965
0,0,0,7692,8499,14183
0,0,0,7542,8971,14189
0,0,0,7769,8648,14104
0,0,0,8474,8643,14378
0,0,0,7754,8385,14198
0,0,0,7572,8862,14154
0,0,0,7636,8414,14112
0,0,0,7680,8748,14217
0,0,0,7336,8703,14368
0,0,0,6967,8363,14244
0,0,0,7933,8679,13896
0,0,0,7650,8864,14115
0,0,0,7679,8844,14037
0,0,0,7635,8823,14144
0,0,0,7727,8658,14066
0,0,0,7479,8703,14265
0,0,0,7876,8645,14057
0,0,0,7650,8357,13661
0,0,0,7845,8495,14051
0,0,0,7899,8711,13919
0,0,0,7257,8875,14200
0,0,0,6454,8618,14365
0,0,0,7679,8567,14285
0,0,0,7513,8609,14108
0,0,0,7461,8958,14404
0,0,0,7613,8850,14173
0,0,0,7700,9018,13946
0,0,0,7493,8497,14410
0,0,0,7610,8862,14135
0,0,0,7726,8382,14206
0,0,0,7670,8756,14016
0,0,0,7622,8685,14488
0,0,0,7712,8350,14216
0,0,0,7889,8703,13940
0,0,0,7566,8864,14157
0,0,0,7392,8646,14590
0,0,0,7788,8640,13972
0,0,0,7859,9653,14210
0,0,0,7626,9040,14153
0,0,0,7642,8936,14115
0,0,0,7679,8833,13972
0,0,0,7445,8631,14440
0,0,0,7750,8703,14483
0,0,0,7750,8331,14201
0,0,0,7542,8868,13136
0,0,0,7549,8916,14193
0,0,0,8373,8645,14368
0,0,0,7560,8582,14577
0,0,0,7918,8487,13965
0,0,0,7586,9069,14096
0,0,0,8090,8634,14568
0,0,0,7477,8930,14160
0,0,0,7748,8877,14037
0,0,0,7679,8349,14190
0,0,0,7308,8676,14243
0,0,0,7873,8446,13926
0,0,0,7610,8525,14177
0,0,0,7545,8854,14176
0,0,0,7678,8801,14069
0,0,0,7612,8553,14532
0,0,0,7680,9216,14150
0,0,0,7783,8534,13320
0,0,0,7655,8879,14032
0,0,0,7757,8002,14487
0,0,0,7926,8707,13823
0,0,0,7360,8703,14359
0,0,0,7485,8804,13890
0,0,0,7345,8666,14394
0,0,0,7537,8756,13891
0,0,0,7387,8703,14228
0,0,0,7767,8366,14135
0,0,0,7660,8733,14109
0,0,0,7575,8562,14512
0,0,0,7752,8756,14041
0,0,0,7866,8703,14847
0,0,0,7520,8580,13927
0,0,0,7744,8887,14152
0,0,0,7542,8549,14352
0,0,0,7652,8785,13854
0,0,0,7928,8703,13962
0,0,0,7596,8839,14112
0,0,0,7735,8810,14024
0,0,0,7964,8701,13823
0,0,0,7440,8924,14262
0,0,0,7496,8983,14312
0,0,0,7604,8996,14098
0,0,0,7490,8872,13889
0,0,0,7499,8699,14213
0,0,0,7909,8752,13611
0,0,0,7534,8636,14480
0,0,0,7602,9037,14169
0,0,0,7749,8831,14078
0,0,0,7534,8512,13714
0,0,0,7701,8556,14426
0,0,0,7672,8421,14264
0,0,0,7900,8640,13930
0,0,0,7728,8545,14145
0,0,0,7668,8444,14188
0,0,0,7646,8435,13682
0,0,0,8012,8703,14918
0,0,0,7666,8432,14452
0,0,0,7665,8848,14146
0,0,0,7856,8640,14129
0,0,0,7661,8625,14086
0,0,0,7755,8451,14154
0,0,0,7412,8703,14236
0,0,0,7679,8173,14141
0,0,0,7589,9007,14061
0,0,0,8072,8561,14393
0,0,0,7679,8703,14448
0,0,0,7910,8586,14100
0,0,0,7699,8391,14110
0,0,0,7604,8915,14092
0,0,0,8343,8661,14304
0,0,0,7493,8012,14210
0,0,0,7589,8973,14145
0,0,0,7743,8757,14379
0,0,0,7755,8849,14616
0,0,0,7901,8653,13988
0,0,0,7770,8434,14023
0,0,0,7398,8823,14140
0,0,0,7383,8712,14224
0,0,0,7710,8469,14475
0,0,0,7516,8888,14132
0,0,0,7806,8929,14121
0,0,0,7679,8519,14230
0,0,0,7885,8904,13896
0,0,0,7511,8992,14124
0,0,0,7616,8546,14506
0,0,0,7917,8586,13802
0,0,0,7405,8770,14366
0,0,0,7578,8632,14529
0,0,0,8021,8732,13823
0,0,0,7634,8534,14293
0,0,0,7998,8680,13843
0,0,0,7679,8876,14013
0,0,0,7667,8956,14156
0,0,0,7585,8402,14260
0,0,0,7729,8354,14216
0,0,0,7775,8398,14133
0,0,0,7621,8539,14478
0,0,0,7423,8699,14352
0,0,0,7679,8794,14152
0,0,0,7433,8900,14211
0,0,0,7807,8609,14024
0,0,0,7000,8703,14030
0,0,0,7805,8600,12861
0,0,0,7574,9006,14182
0,0,0,7388,8703,14359
0,0,0,7502,8553,14420
0,0,0,7620,8601,14446
0,0,0,7699,8530,14298
0,0,0,7980,8738,13968
0,0,0,7553,8885,14164
0,0,0,7679,8684,14261
0,0,0,6656,8708,14088
0,0,0,8440,8637,14398
0,0,0,7638,8878,14266
0,0,0,7584,8509,14452
0,0,0,7668,8928,14152
0,0,0,7757,8432,14194
0,0,0,7536,8966,14170
0,0,0,7670,8524,14412
0,0,0,6370,8817,14522
0,0,0,7954,8680,14036
0,0,0,7004,8998,14248
0,0,0,7623,8880,13888
0,0,0,7760,8490,14272
0,0,0,7502,8703,14392
0,0,0,7562,8947,14359
0,0,0,7675,8584,14537
0,0,0,9002,8825,14312
0,0,0,7913,8682,14455
0,0,0,7756,8488,14449
0,0,0,7899,8703,14061
0,0,0,7727,9428,14160
0,0,0,7721,8770,13638
0,0,0,7670,8632,14500
0,0,0,7556,8899,14241
0,0,0,7679,8898,15066
0,0,0,7693,8626,14476
0,0,0,7717,8614,14422
0,0,0,7904,8688,14048
0,0,0,7489,8858,14448
0,0,0,7704,8659,14137
0,0,0,7439,9012,14285
0,0,0,7925,8538,14102
0,0,0,7561,8976,14225
0,0,0,8684,8634,14565
0,0,0,7364,8741,13823
0,0,0,7679,8524,14500
0,0,0,7784,8640,14118
0,0,0,7703,8582,14249
0,0,0,7812,8672,14102
0,0,0,7891,8676,14017
0,0,0,7073,8446,14162
0,0,0,7862,8577,14048
0,0,0,7577,9013,14232
0,0,0,7421,8840,14413
0,0,0,7679,8447,14220
0,0,0,7749,8440,14241
0,0,0,7848,8548,14035
0,0,0,7940,8746,13940
0,0,0,7725,8770,14945
0,0,0,7965,8675,13901
0,0,0,7818,8683,14003
0,0,0,7948,8572,14392
0,0,0,7661,9059,14157
0,0,0,7500,8788,14205
0,0,0,7780,8514,14241
0,0,0,7470,8958,14260
0,0,0,7750,8410,14160
0,0,0,7814,8791,14082
0,0,0,7584,8598,14467
0,0,0,7717,8397,14200
0,0,0,7678,8245,14258
0,0,0,7309,8436,14245
0,0,0,7468,8690,14360
0,0,0,7506,8771,14304
0,0,0,7860,8808,14048
0,0,0,7679,8794,14039
0,0,0,7707,8399,14249
0,0,0,7364,8770,14468
0,0,0,7588,9026,14262
0,0,0,7796,8660,14056
0,0,0,8341,8563,14024
0,0,0,7921,8541,13980
0,0,0,7605,8898,14229
0,0,0,7968,8759,13863
0,0,0,7898,8720,14029
0,0,0,7858,8658,13994
0,0,0,7112,7810,14438
0,0,0,7679,8999,13919
0,0,0,7930,8670,13890
0,0,0,7294,8121,14361
0,0,0,7679,8463,14421
0,0,0,7496,8832,14228
0,0,0,7551,8650,14490
0,0,0,7903,8601,14128
0,0,0,8145,8396,14131
0,0,0,7620,8479,14239
0,0,0,8004,8690,13880
0,0,0,7576,8480,14474
0,0,0,7830,8559,14055
0,0,0,7404,8784,14183
0,0,0,7679,8782,13908
0,0,0,7679,8459,14210
0,0,0,7812,8703,14067
0,0,0,7443,8472,14348
0,0,0,7749,8780,14832
0,0,0,7825,9415,14103
0,0,0,7494,8706,13541
0,0,0,7690,8556,14048
0,0,0,7733,8415,14013
0,0,0,7864,8672,13840
0,0,0,6602,8798,14432
0,0,0,7780,8909,13961
0,0,0,7950,8675,13964
0,0,0,7431,8730,14392
0,0,0,7679,8504,13655
0,0,0,7774,8826,14847
0,0,0,7454,8779,14205
0,0,0,7839,8721,13890
0,0,0,7848,9174,14368
0,0,0,7817,8674,14027
0,0,0,7760,9472,14140
0,0,0,8154,8729,13947
0,0,0,7322,8717,14422
0,0,0,7624,8406,14152
0,0,0,7584,9100,14153
0,0,0,7684,8667,14041
0,0,0,7483,8703,14241
0,0,0,7584,8682,14491
0,0,0,7370,8792,14360
0,0,0,7687,8128,14093
0,0,0,7768,8739,13828
0,0,0,7718,8725,13270
0,0,0,7682,8529,14291
0,0,0,8248,8872,14355
0,0,0,7813,8608,13967
0,0,0,7586,8779,14045
0,0,0,7679,8423,14280
0,0,0,8001,8752,13890
0,0,0,7955,8685,13912
0,0,0,8057,8941,13823
0,0,0,7977,8790,13877
0,0,0,7679,8567,14433
0,0,0,7433,8703,14457
0,0,0,7666,8597,14515
0,0,0,7726,8848,14055
0,0,0,7753,8353,14252
0,0,0,7336,8828,14477
0,0,0,7943,8582,14101
0,0,0,7562,8997,14236
0,0,0,7733,8576,14419
0,0,0,8260,8672,14017
0,0,0,7463,7835,14345
0,0,0,7866,8696,13992
0,0,0,7912,8711,13981
0,0,0,7829,8731,14025
0,0,0,7556,8961,14932
0,0,0,7679,8479,14292
0,0,0,7559,8412,14206
0,0,0,7927,8716,13821
0,0,0,7552,9043,14152
0,0,0,8466,8760,14439
0,0,0,7679,8490,14425
0,0,0,7936,8646,13914
0,0,0,7644,9013,14188
0,0,0,7611,10568,14266
0,0,0,7679,8845,14032
0,0,0,7849,8644,14082
0,0,0,7763,8813,14440
0,0,0,8048,9271,13832
0,0,0,7727,8903,14029
0,0,0,7748,9168,14145
0,0,0,7682,9559,14192
0,0,0,7979,9065,14024
0,0,0,7179,8484,14137
0,0,0,7580,8989,14198
0,0,0,7674,8466,14179
0,0,0,7761,11033,14136
0,0,0,7496,8855,13823
0,0,0,7657,8831,14202
0,0,0,6817,8703,13952
0,0,0,7819,8664,14337
0,0,0,7399,8703,14397
0,0,0,8152,8694,14298
0,0,0,7679,8806,14395
0,0,0,7681,8981,14121
0,0,0,7604,8986,14206
0,0,0,7679,8943,14044
0,0,0,7674,8469,14215
0,0,0,7862,8955,14041
0,0,0,7734,8900,14108
0,0,0,7453,8972,14363
0,0,0,7505,8968,14290
0,0,0,7715,8700,14038
0,0,0,7427,8770,14286
0,0,0,7509,8823,14302
0,0,0,8080,8657,13996
0,0,0,7810,8616,14064
0,0,0,7875,8606,14059
0,0,0,7631,8580,14305
0,0,0,8011,8685,13564
0,0,0,7714,8703,13987
0,0,0,7891,8658,13998
0,0,0,7684,8501,14234
0,0,0,7608,8960,14232
0,0,0,7637,8900,14148
0,0,0,7774,9727,14602
0,0,0,7076,8942,16714
0,0,0,7828,9412,13991
0,0,0,7818,8516,14236
0,0,0,7660,8500,14296
0,0,0,7679,8565,14296
0,0,0,7547,8590,14499
0,0,0,8020,8784,13807
0,0,0,7849,8684,14115
0,0,0,7417,8680,14396
0,0,0,7650,8907,14104
0,0,0,7521,8516,14442
0,0,0,7786,9569,14117
0,0,0,7550,9009,12573
0,0,0,9683,8958,14622
0,0,0,7616,8546,15209
0,0,0,8001,8784,13909
0,0,0,7461,8756,14207
0,0,0,7648,8896,13812
0,0,0,7888,8813,13964
0,0,0,6738,8722,14253
0,0,0,7712,8548,14156
0,0,0,7646,9008,14075
0,0,0,7792,9566,14214
0,0,0,7602,9078,14240
0,0,0,7961,8701,13896
0,0,0,7765,8789,14662
0,0,0,7296,8779,14460
0,0,0,7970,8748,13918
0,0,0,7480,8545,14484
0,0,0,7466,8725,14299
0,0,0,7364,8788,14280
0,0,0,7668,8623,14461
0,0,0,7342,8732,14250
0,0,0,7595,8892,14207
0,0,0,7716,8703,14063
0,0,0,7846,8639,14709
0,0,0,7746,8094,13949
0,0,0,7709,8608,14466
0,0,0,7938,8757,13961
0,0,0,7831,8907,14031
0,0,0,7764,8703,13962
0,0,0,8013,8849,14630
0,0,0,7679,8889,14751
0,0,0,7569,8045,14164
0,0,0,7427,8767,14272
0,0,0,7730,8549,14456
0,0,0,7728,9376,14219
0,0,0,7615,8817,14103
0,0,0,7858,8746,14040
0,0,0,7707,8556,14237
0,0,0,7896,8720,14621
0,0,0,7403,8808,14336
0,0,0,7935,8443,13907
0,0,0,7424,8698,14401
0,0,0,7012,8852,13981
0,0,0,7786,8524,14164
0,0,0,7823,8688,14204
0,0,0,7752,8799,14032
0,0,0,7671,8914,14123
0,0,0,7739,9310,14155
0,0,0,8000,8764,13866
0,0,0,8036,9029,14020
0,0,0,7744,8456,14153
0,0,0,7352,10069,13568
0,0,0,7868,8683,14388
0,0,0,7957,8692,14116
0,0,0,7626,8933,14153
0,0,0,7726,8533,14227
0,0,0,7926,8776,14764
0,0,0,7500,8751,14009
0,0,0,7650,8988,14264
0,0,0,7679,8950,14194
0,0,0,7982,8870,14468
0,0,0,7644,8542,14189
0,0,0,7362,11205,14468
0,0,0,7766,8970,14041
0,0,0,8004,9041,14748
0,0,0,7679,8606,14586
0,0,0,7669,8635,14465
0,0,0,7638,9116,14179
0,0,0,7650,8618,14712
0,0,0,7641,8703,14353
0,0,0,7649,8965,14194
0,0,0,7613,8931,14092
0,0,0,7648,8855,14737
0,0,0,7673,8892,14196
0,0,0,7495,8968,14235
0,0,0,7513,9306,14258
0,0,0,7645,8949,13860
0,0,0,7757,8704,14087
0,0,0,8139,8832,14898
0,0,0,8111,8860,15323
0,0,0,7960,8736,13855
0,0,0,7729,9556,14234
0,0,0,7853,8730,13894
0,0,0,8026,8819,13873
0,0,0,7482,8799,14454
0,0,0,7621,9013,14043
0,0,0,7369,8776,13126
0,0,0,7740,8494,14221
0,0,0,7720,8524,14147
0,0,0,7895,8753,13945
0,0,0,7360,8827,14776
0,0,0,7779,8979,14074
0,0,0,7689,8623,14456
0,0,0,7856,8748,12927
0,0,0,7601,8932,14121
0,0,0,7664,8705,14528
0,0,0,7679,9534,14195
0,0,0,7500,9037,14274
0,0,0,7633,9024,14239
0,0,0,7913,8921,14661
0,0,0,7763,8467,14214
0,0,0,7547,8698,14398
0,0,0,7384,8792,14358
0,0,0,7801,9675,14056
0,0,0,7889,8719,13995
0,0,0,7928,8880,13908
0,0,0,7713,8908,14167
0,0,0,7781,8713,14149
0,0,0,8676,8688,14062
0,0,0,7349,8840,14542
0,0,0,7927,8844,13922
0,0,0,7587,8887,14761
0,0,0,7404,8912,14400
0,0,0,8252,8735,14499
0,0,0,7866,8703,13961
0,0,0,7445,8812,14343
0,0,0,7421,8417,14376
0,0,0,7233,8614,14456
0,0,0,7851,8706,14043
0,0,0,7852,8712,14044
0,0,0,7772,8716,14010
0,0,0,7782,8917,14009
0,0,0,7657,9087,14188
0,0,0,7764,9030,14064
0,0,0,7952,8703,13939
0,0,0,7700,8703,14447
0,0,0,7413,8871,14288
0,0,0,7752,8508,14131
0,0,0,7534,8950,14078
0,0,0,7757,8733,14440
0,0,0,7849,8703,13993
0,0,0,7730,8445,14104
0,0,0,7525,8836,14365
0,0,0,7498,8876,14860
0,0,0,7845,8688,14073
0,0,0,7767,9022,14120
0,0,0,7712,8546,14146
0,0,0,7626,8615,14408
0,0,0,7960,8970,13941
0,0,0,7679,8961,14104
0,0,0,7938,8245,13931
0,0,0,7646,8921,14173
0,0,0,7578,8870,14423
0,0,0,7648,8580,13252
0,0,0,7904,8981,14465
0,0,0,7370,8726,14412
0,0,0,7783,8922,14021
0,0,0,7899,9002,13984
0,0,0,7839,8795,13996
0,0,0,7466,8904,13985
0,0,0,7679,8339,14272
0,0,0,7392,8808,14393
0,0,0,7679,8964,13760
0,0,0,7638,8837,14369
0,0,0,7760,8612,14148
0,0,0,6361,8660,14386
0,0,0,7896,8758,13979
0,0,0,8256,8987,14018
0,0,0,7673,9035,14095
0,0,0,7585,8832,14461
0,0,0,7401,8938,14364
0,0,0,7786,8486,14118
0,0,0,7588,9028,14032
0,0,0,8119,8743,14355
0,0,0,7479,9156,14235
0,0,0,7884,9302,13921
0,0,0,7734,6104,14172
0,0,0,7849,8928,14036
0,0,0,7652,8907,13976
0,0,0,7682,8972,15012
0,0,0,8054,8779,14409
0,0,0,8007,8861,13918
0,0,0,7490,8912,14258
0,0,0,7656,8716,14478
0,0,0,7679,8918,14574
0,0,0,7380,8944,14439
0,0,0,7470,8880,14274
0,0,0,7355,8891,14364
0,0,0,7744,8741,13833
0,0,0,7480,8836,14304
0,0,0,7722,8756,14078
0,0,0,7585,8601,14176
0,0,0,7424,8982,14358
0,0,0,7466,7744,14296
0,0,0,7891,8903,13968
0,0,0,7678,8986,13468
0,0,0,7492,8859,14276
0,0,0,7675,9063,14179
0,0,0,7679,9132,14178
0,0,0,7530,9167,14273
0,0,0,7417,8886,14394
0,0,0,7709,9007,14609
0,0,0,7750,8906,14480
0,0,0,7616,9024,14214
0,0,0,7845,8827,14022
0,0,0,7825,8771,14021
0,0,0,7722,8584,14173
0,0,0,7084,8816,14510
0,0,0,7702,8492,14274
0,0,0,7714,8577,14216
0,0,0,7799,8552,13467
0,0,0,7580,9053,14186
0,0,0,7388,8919,14236
0,0,0,7679,8782,14437
0,0,0,7922,8742,13917
0,0,0,7679,9280,14107
0,0,0,7632,9109,14136
0,0,0,7546,8893,14660
0,0,0,7734,9008,14057
0,0,0,7624,9152,14188
0,0,0,7672,9085,14123
0,0,0,8000,8832,13953
0,0,0,7941,9000,14032
0,0,0,7560,8932,14232
0,0,0,7813,8937,14179
0,0,0,7780,8724,14155
0,0,0,7976,8947,13857
0,0,0,7858,9292,14165
0,0,0,7452,8956,14287
0,0,0,7899,8650,13940
0,0,0,7832,8765,14075
0,0,0,7865,8863,13936
0,0,0,7884,8805,14016
0,0,0,7679,8070,14261
0,0,0,7634,9115,14146
0,0,0,7675,8611,14240
0,0,0,7384,9100,14158
0,0,0,7985,9031,13823
0,0,0,7872,8872,14063
0,0,0,7915,8914,13880
0,0,0,8796,8898,14368
0,0,0,7514,8971,13869
0,0,0,7511,8752,13992
0,0,0,7624,8701,14528
0,0,0,7678,9245,14166
0,0,0,7687,8984,14084
0,0,0,7756,8842,14148
0,0,0,7732,8893,13437
0,0,0,7624,8755,14384
0,0,0,7960,8852,13823
0,0,0,7584,9522,14152
0,0,0,7600,8960,14550
0,0,0,7692,8611,14250
0,0,0,7640,8636,14682
0,0,0,7742,9094,13980
0,0,0,7974,8851,13997
0,0,0,7689,8625,13986
0,0,0,7769,8495,14203
0,0,0,7834,8904,13917
0,0,0,7618,8814,14444
0,0,0,7834,8766,14077
0,0,0,7715,8912,14116
0,0,0,7840,8959,14347
0,0,0,7642,9250,14500
0,0,0,7546,9136,14219
0,0,0,7985,8953,13845
0,0,0,7573,9052,14083
0,0,0,7965,8869,13880
0,0,0,7510,9024,14242
0,0,0,7489,9026,14258
0,0,0,7766,8631,14204
0,0,0,7817,8861,14136
0,0,0,7661,8993,13416
0,0,0,7424,8862,14490
0,0,0,8140,8761,13977
0,0,0,7714,8776,14053
0,0,0,7774,9456,14079
0,0,0,7514,9258,14256
0,0,0,7602,8703,14159
0,0,0,7568,8940,14232
0,0,0,7891,8724,14125
0,0,0,8002,8852,13912
0,0,0,7891,8752,14191
0,0,0,7720,9000,14157
0,0,0,7615,8801,14454
0,0,0,7916,8965,13929
0,0,0,8430,8393,14396
0,0,0,7992,8926,13834
0,0,0,7748,8580,14116
0,0,0,7419,8648,14425
0,0,0,8012,8999,14456
0,0,0,7576,8757,14494
0,0,0,7736,8664,14299
0,0,0,7701,9050,14097
0,0,0,7858,8796,14033
0,0,0,7659,9084,14154
0,0,0,7704,9246,14900
0,0,0,7709,9033,14847
0,0,0,7708,8872,14798
0,0,0,7820,8703,14144
0,0,0,7435,8958,14365
0,0,0,7679,8603,14171
0,0,0,7679,8836,14280
0,0,0,8063,8922,13864
0,0,0,7475,8965,14426
0,0,0,7432,9161,14240
0,0,0,7715,9224,14262
0,0,0,7466,8998,14301
0,0,0,7808,8966,14359
0,0,0,7518,8736,14552
0,0,0,7732,8805,14102
0,0,0,7472,9162,13394
0,0,0,7508,8933,14281
0,0,0,7732,8745,14404
0,0,0,7914,8864,13960
0,0,0,7938,8940,13928
0,0,0,8027,8995,14597
0,0,0,7643,9070,14171
0,0,0,7442,8940,14352
0,0,0,7856,8698,14206
0,0,0,7802,9122,14200
0,0,0,7824,8842,14104
0,0,0,7800,8794,14040
0,0,0,7786,8605,14229
0,0,0,7627,8377,14366
0,0,0,7679,8590,14150
0,0,0,7887,8861,14055
0,0,0,7679,7963,14185
0,0,0,7843,8960,14107
0,0,0,6946,8890,14387
0,0,0,7519,9255,14292
0,0,0,7816,9016,14230
0,0,0,8002,8869,14457
0,0,0,7731,9006,14168
0,0,0,7865,9000,14724
0,0,0,8504,8809,14502
0,0,0,7857,9041,13823
0,0,0,7856,8838,14003
0,0,0,7679,8946,14162
0,0,0,7720,8703,14276
0,0,0,7801,8703,14176
0,0,0,7441,8866,14293
0,0,0,7735,9088,14056
0,0,0,7691,7979,14345
0,0,0,7632,9292,14245
0,0,0,7452,9063,14472
0,0,0,7582,9248,14183
0,0,0,7730,9014,13936
0,0,0,7771,8375,14129
0,0,0,7461,8951,14299
0,0,0,7872,8851,14059
0,0,0,7685,8813,14543
0,0,0,7752,8891,14112
0,0,0,7656,9249,14169
0,0,0,7668,8654,14745
0,0,0,7440,8393,14411
0,0,0,7562,9322,14404
0,0,0,7584,9348,14256
0,0,0,7008,8970,14378
0,0,0,7458,9230,14230
0,0,0,7867,9045,14397
0,0,0,7824,8836,14091
0,0,0,8019,8992,13823
0,0,0,7594,8752,14525
0,0,0,7744,8703,13980
0,0,0,7754,8764,14188
0,0,0,7871,8922,13911
0,0,0,7727,9219,13928
0,0,0,7969,9062,13931
0,0,0,7844,9412,14172
0,0,0,7652,9102,14123
0,0,0,7679,9061,14037
0,0,0,7778,9468,13483
0,0,0,7861,8872,14042
0,0,0,7523,9217,12927
0,0,0,7768,8979,14957
0,0,0,7496,8793,14725
0,0,0,7679,9285,14090
0,0,0,7624,8724,14520
0,0,0,7718,9250,14100
0,0,0,7808,8779,13987
0,0,0,7839,8807,14119
0,0,0,8042,9028,13881
0,0,0,7905,8946,14084
0,0,0,7595,8854,14197
0,0,0,7565,9057,13986
0,0,0,7828,8995,13998
0,0,0,7761,8703,14194
0,0,0,7877,9093,14081
0,0,0,7501,8957,14370
0,0,0,7912,8937,13856
0,0,0,7835,9113,14106
0,0,0,7853,9248,14056
0,0,0,7753,9108,14112
0,0,0,7691,9130,14456
0,0,0,7691,9064,14169
0,0,0,7862,8801,14084
0,0,0,7679,8626,14405
0,0,0,7927,8764,14073
0,0,0,7593,8225,14456
0,0,0,7753,8703,13265
0,0,0,8000,8840,13786
0,0,0,7810,8874,14088
0,0,0,7581,9614,14224
0,0,0,7679,8771,14268
0,0,0,7679,9038,14228
0,0,0,7872,8858,14376
0,0,0,7915,8768,14016
0,0,0,7697,9131,14105
0,0,0,7550,9185,14231
0,0,0,7659,8808,14741
0,0,0,7764,8821,13998
0,0,0,7609,8718,14276
0,0,0,7758,8703,14090
0,0,0,7745,8622,14282
0,0,0,7645,8749,14287
0,0,0,7542,9143,14252
0,0,0,7768,8658,14253
0,0,0,7825,8811,14115
0,0,0,7926,8856,13952
0,0,0,7666,8930,13961
0,0,0,7748,8645,14232
0,0,0,7672,8868,14370
0,0,0,7671,9074,14100
0,0,0,7783,8975,15083
0,0,0,7732,9308,14209
0,0,0,7863,8835,13933
0,0,0,7640,9163,14144
0,0,0,7641,9108,14196
0,0,0,7084,8703,14253
0,0,0,7594,8749,14211
0,0,0,7671,8764,14004
0,0,0,7906,9025,14151
0,0,0,7355,9331,14175
0,0,0,7452,8957,14522
0,0,0,7953,8879,14090
0,0,0,7626,8842,14382
0,0,0,7746,9985,14222
0,0,0,7608,9364,14187
0,0,0,7104,9046,14282
0,0,0,7610,8929,14453
0,0,0,8000,8836,13924
0,0,0,7514,9029,14349
0,0,0,7966,8875,13988
0,0,0,7673,8877,14103
0,0,0,7569,8744,14236
0,0,0,7962,8896,13622
0,0,0,7747,9152,14042
0,0,0,8000,9093,14507
0,0,0,7857,8824,14070
0,0,0,7952,8752,14056
0,0,0,7736,8702,14400
0,0,0,7774,9727,14202
0,0,0,7620,9062,14361
0,0,0,7810,8804,13608
0,0,0,7593,9172,14516
0,0,0,7069,9320,13799
0,0,0,7877,8764,14030
0,0,0,7843,9088,14909
0,0,0,8205,8816,14428
0,0,0,7679,8841,14005
0,0,0,7943,8939,13874
0,0,0,7529,8988,14530
0,0,0,7981,8862,13786
0,0,0,8307,8929,14438
0,0,0,7744,9025,13866
0,0,0,7989,8861,14018
0,0,0,7767,9120,14928
0,0,0,7679,9180,14438
0,0,0,8043,9015,12686
0,0,0,7697,9280,14561
0,0,0,7888,8982,13980
0,0,0,6983,8820,14479
0,0,0,7668,9140,14164
0,0,0,7507,8904,14249
0,0,0,7948,9008,13970
0,0,0,7805,9110,14067
0,0,0,7988,9002,13976
0,0,0,7776,8998,14057
0,0,0,7728,8952,13570
0,0,0,7923,8869,14008
0,0,0,7677,9522,14482
0,0,0,7701,9135,14053
0,0,0,7656,8819,14552
0,0,0,7824,9134,14058
0,0,0,7659,8769,14245
0,0,0,7478,8059,14298
0,0,0,7315,9000,14390
0,0,0,7756,8973,14182
0,0,0,7796,9722,14272
0,0,0,7970,8982,13978
0,0,0,7601,9100,14289
0,0,0,8468,9038,14282
0,0,0,7696,9133,14061
0,0,0,7744,8766,14508
0,0,0,8074,8909,14020
0,0,0,7827,8773,14121
0,0,0,8003,9103,13992
0,0,0,7679,8152,14300
0,0,0,7593,8843,14533
0,0,0,7816,8986,14568
0,0,0,8002,8871,13952
0,0,0,7813,8975,14035
0,0,0,7672,8719,13403
0,0,0,7638,8832,14482
0,0,0,7618,9160,13816
0,0,0,7476,9109,14400
0,0,0,7708,9237,14168
0,0,0,7976,8929,14533
0,0,0,7826,8983,14560
0,0,0,7916,9261,13854
0,0,0,7658,9132,14193
0,0,0,7845,9240,14170
0,0,0,7816,8844,14453
0,0,0,7832,8826,14112
0,0,0,7465,9135,14374
0,0,0,8488,8877,14420
0,0,0,7670,9294,14216
0,0,0,7679,8703,14260
0,0,0,6971,8968,14420
0,0,0,7888,8932,14033
0,0,0,7685,9139,14039
0,0,0,7529,9557,14469
0,0,0,7678,8781,14294
0,0,0,7679,9261,14082
0,0,0,7972,9236,13969
0,0,0,7694,8770,14204
0,0,0,7467,8880,14392
0,0,0,7715,8768,14278
0,0,0,7967,8888,14056
0,0,0,7497,9005,13993
0,0,0,8056,9068,13957
0,0,0,7587,9322,14278
0,0,0,7754,8320,14447
0,0,0,7712,9243,14120
0,0,0,7992,9008,13970
0,0,0,7568,9055,14247
0,0,0,7804,8935,14205
0,0,0,7974,8827,14015
0,0,0,7955,9038,14136
0,0,0,7669,9170,14232
0,0,0,7825,8914,14081
0,0,0,7679,8844,14503
0,0,0,7899,8670,14136
0,0,0,7946,9077,13953
0,0,0,7777,9696,14162
0,0,0,7781,9232,14105
0,0,0,7874,8790,14154
0,0,0,8105,9125,14859
0,0,0,7736,9013,14131
0,0,0,7833,9020,14962
0,0,0,7679,9223,14126
0,0,0,7825,9106,14085
0,0,0,7440,9094,14383
0,0,0,7492,8512,14373
0,0,0,7679,8703,14354
0,0,0,7912,8906,14106
0,0,0,7928,9345,14077
0,0,0,7898,8959,14020
0,0,0,7514,9021,14292
0,0,0,7840,9053,14896
0,0,0,7798,9077,14128
0,0,0,7941,8865,13989
0,0,0,7781,8698,14253
0,0,0,7701,8730,14501
0,0,0,7869,10136,14209
0,0,0,7834,9085,14148
0,0,0,7874,8970,14544
0,0,0,9086,9224,13860
0,0,0,7679,8747,14232
0,0,0,7698,9222,14135
0,0,0,7679,8794,14492
0,0,0,7847,9012,14122
0,0,0,7733,8703,14165
0,0,0,7679,8868,14847
0,0,0,7944,8904,14051
0,0,0,8028,9066,14000
0,0,0,7931,8940,14084
0,0,0,7740,9125,14039
0,0,0,7876,8940,14117
0,0,0,7764,9044,14596
0,0,0,8336,9046,14430
0,0,0,7625,8910,14271
0,0,0,7842,9153,14205
0,0,0,8052,9227,13924
0,0,0,7617,9314,14298
0,0,0,7495,8919,14392
0,0,0,7918,8703,14198
0,0,0,7640,9351,14179
0,0,0,7616,9364,14278
0,0,0,7604,9400,14557
0,0,0,8027,9088,13923
0,0,0,7488,9299,14099
0,0,0,6708,8991,14278
0,0,0,7714,9091,13959
0,0,0,7556,9149,14240
0,0,0,7700,8761,14415
0,0,0,7933,8988,14153
0,0,0,7723,9077,14207
0,0,0,7536,9326,14337
0,0,0,7762,8872,14234
0,0,0,7938,8998,14740
0,0,0,7440,8743,14294
0,0,0,7822,8756,14174
0,0,0,7660,9264,14292
0,0,0,7817,8886,14258
0,0,0,7704,9368,13739
0,0,0,7865,8738,14267
0,0,0,7846,9142,14745
0,0,0,7472,9052,14348
0,0,0,6539,8850,14596
0,0,0,7679,8884,14562
0,0,0,7678,8830,14058
0,0,0,7930,8976,13846
0,0,0,7781,9130,14371
0,0,0,7569,9247,14304
0,0,0,7673,8798,14368
0,0,0,8178,9000,14538
0,0,0,7755,8768,14640
0,0,0,7632,9080,14378
0,0,0,7030,9112,14482
0,0,0,7679,8797,14608
0,0,0,7568,9268,14261
0,0,0,7679,9129,14233
0,0,0,7777,8989,14466
0,0,0,7679,8770,14632
0,0,0,7629,8870,14582
0,0,0,7958,8852,14400
0,0,0,7599,9289,14272
0,0,0,7592,9360,14244
0,0,0,7397,9046,14373
0,0,0,7679,8875,14477
0,0,0,7865,8740,14174
0,0,0,7763,9081,14206
0,0,0,7888,9041,14384
0,0,0,7842,9429,14496
0,0,0,8118,8860,13980
0,0,0,7746,9140,14148
0,0,0,8460,9220,14224
0,0,0,8045,8953,13959
0,0,0,7988,9141,14204
0,0,0,7700,8852,14276
0,0,0,7751,8787,14579
0,0,0,7695,9227,14622
0,0,0,7666,8886,14462
0,0,0,8440,8896,14550
0,0,0,7689,9245,14221
0,0,0,7636,9750,14399
0,0,0,7605,8787,14528
0,0,0,7618,8866,14457
0,0,0,7976,8957,14083
0,0,0,7606,9153,14144
0,0,0,7561,9108,14535
0,0,0,7633,9327,14241
0,0,0,7660,9312,14244
0,0,0,7935,8906,14133
0,0,0,7849,8874,14191
0,0,0,7746,8856,14559
0,0,0,7649,8911,14532
0,0,0,7989,9016,13896
0,0,0,7947,8826,14504
0,0,0,8088,8921,13632
0,0,0,7866,9122,14470
0,0,0,7565,9244,14287
0,0,0,8060,9061,13871
0,0,0,7518,8936,14452
0,0,0,7680,8451,14492
0,0,0,7573,8884,14484
0,0,0,7722,9253,14082
0,0,0,7976,9093,14173
0,0,0,7786,9117,14145
0,0,0,7826,9113,13324
0,0,0,7459,9061,14421
0,0,0,7722,9183,14206
0,0,0,7873,9727,14221
0,0,0,7717,8808,14273
0,0,0,7710,9144,14100
0,0,0,7757,8792,14306
0,0,0,7795,9106,14169
0,0,0,7767,8710,16728
0,0,0,7255,9180,14073
0,0,0,8450,8844,14461
0,0,0,7691,8841,14499
0,0,0,7885,8768,14275
0,0,0,7773,8758,14145
0,0,0,7773,8712,14357
0,0,0,7995,9000,15069
0,0,0,7732,9069,14174
0,0,0,7544,9034,14432
0,0,0,7880,8802,14042
0,0,0,8264,9236,14298
0,0,0,7756,9186,14052
0,0,0,7735,8703,14195
0,0,0,8045,8816,14106
0,0,0,8060,9042,13847
0,0,0,7959,9035,13987
0,0,0,7722,9228,14287
0,0,0,7785,8722,13604
0,0,0,7728,9115,14189
0,0,0,7820,8684,14192
0,0,0,7720,9275,14400
0,0,0,7869,8650,14203
0,0,0,7682,9112,14214
0,0,0,8154,10028,13868
0,0,0,7872,10020,14175
0,0,0,7478,9001,14280
0,0,0,7745,9127,13700
0,0,0,7633,8844,14441
0,0,0,7674,8851,14586
0,0,0,7895,8853,14041
0,0,0,8322,9040,13976
0,0,0,7588,8809,14560
0,0,0,7488,8952,14420
0,0,0,7762,9474,14194
0,0,0,7614,8943,14530
0,0,0,7801,9093,14147
0,0,0,7937,8914,14065
0,0,0,7798,8703,14376
0,0,0,7428,6655,14513
0,0,0,7679,8843,14157
0,0,0,7679,11102,14401
0,0,0,8134,8462,14520
0,0,0,7468,9086,14454
0,0,0,7685,9258,14140
0,0,0,7576,9158,14687
0,0,0,7962,8946,14039
0,0,0,7633,9162,14258
0,0,0,7777,8796,14408
0,0,0,7679,9242,14192
0,0,0,8708,8867,14168
0,0,0,7884,8786,14164
0,0,0,7894,8804,14047
0,0,0,7962,9028,13892
0,0,0,7673,8879,14604
0,0,0,7751,8656,14221
0,0,0,7407,8908,14443
0,0,0,7695,9137,14025
0,0,0,7716,8962,14430
0,0,0,7679,10200,14224
0,0,0,7678,9179,14256
0,0,0,7724,9175,14130
0,0,0,7556,9068,14423
0,0,0,7562,8326,14385
0,0,0,8509,8918,14369
0,0,0,7679,9080,14847
0,0,0,7965,9002,14088
0,0,0,7846,8950,14116
0,0,0,7880,9138,14102
0,0,0,7976,8927,13817
0,0,0,7514,9079,14491
0,0,0,7658,8982,14416
0,0,0,7808,9168,14091
0,0,0,7616,8884,14463
0,0,0,7783,8795,14064
0,0,0,7698,8968,14569
0,0,0,7896,8997,14130
0,0,0,7397,8975,14492
0,0,0,7754,8905,14438
0,0,0,7978,8892,13248
0,0,0,7671,8929,14475
0,0,0,7932,8782,13959
0,0,0,7679,8933,14212
0,0,0,7672,8840,14558
0,0,0,7914,9140,14620
0,0,0,7848,9152,15032
0,0,0,7470,8994,14447
0,0,0,7655,9180,14144
0,0,0,7867,9646,14165
0,0,0,7784,9068,14157
0,0,0,7876,8965,14170
0,0,0,7993,9011,14032
0,0,0,6539,8932,14078
0,0,0,7677,8951,14272
0,0,0,7661,7788,13889
0,0,0,7993,9011,13934
0,0,0,7896,9108,14355
0,0,0,7848,9076,14831
0,0,0,7805,9509,14147
0,0,0,6614,9139,14747
0,0,0,7400,9019,14099
0,0,0,7858,8739,14162
0,0,0,7855,8768,14260
0,0,0,7535,9097,14274
0,0,0,7779,8840,14270
0,0,0,7600,8936,14544
0,0,0,7545,9054,14346
0,0,0,7888,8847,13998
0,0,0,8000,8881,14038
0,0,0,7784,9478,14285
0,0,0,7928,9429,14138
0,0,0,7880,8379,14139
0,0,0,7640,8120,14633
0,0,0,7587,9353,14225
0,0,0,7648,9237,14195
0,0,0,7616,9357,14289
0,0,0,7767,8893,14530
0,0,0,8139,8892,14451
0,0,0,7679,9171,14217
0,0,0,7549,9002,14383
0,0,0,7957,8783,14160
0,0,0,7638,9030,14037
0,0,0,9756,8700,14342
0,0,0,7646,8917,14553
0,0,0,7679,9399,14233
0,0,0,7744,8717,14292
0,0,0,7601,8703,14213
0,0,0,7754,8748,14131
0,0,0,8041,9007,13957
0,0,0,7650,9252,14164
0,0,0,7848,9157,14122
0,0,0,7639,8628,14518
0,0,0,7757,9264,14098
0,0,0,8040,9028,13941
0,0,0,8017,9046,14001
0,0,0,7730,9162,14089
0,0,0,7684,8886,14509
0,0,0,7919,8965,14018
0,0,0,8011,8974,13928
0,0,0,7640,9028,14258
0,0,0,7672,8773,14336
0,0,0,7685,9286,14186
0,0,0,7908,9690,14085
0,0,0,7476,9010,14463
0,0,0,8040,9093,13945
0,0,0,7712,8803,14296
0,0,0,7693,8788,15097
0,0,0,8097,9096,13944
0,0,0,7775,8764,14217
0,0,0,7864,8585,14129
0,0,0,7726,9104,14164
0,0,0,7697,8874,14254
0,0,0,7886,8855,14137
0,0,0,7568,9046,14377
0,0,0,7973,8864,13999
0,0,0,7115,9152,14358
0,0,0,7641,8778,14396
0,0,0,7731,8831,14276
0,0,0,7781,8790,14020
0,0,0,7922,9916,14103
0,0,0,7865,8741,14188
0,0,0,7927,8748,14145
0,0,0,7846,8926,14126
0,0,0,7807,9053,14581
0,0,0,7824,8884,13467
0,0,0,7426,8692,14417
0,0,0,7378,9390,14280
0,0,0,7990,8957,14643
0,0,0,7708,8871,14263
0,0,0,7718,8896,14436
0,0,0,7893,9059,14299
0,0,0,7833,8814,14293
0,0,0,7668,9291,14236
0,0,0,7716,8917,14467
0,0,0,7921,8847,12935
0,0,0,7895,9176,14054
0,0,0,8062,8961,13931
0,0,0,7679,8801,14546
0,0,0,7679,8880,14530
0,0,0,7813,8749,14159
0,0,0,7659,9231,14423
0,0,0,7733,8811,14196
0,0,0,8001,9013,13823
0,0,0,7682,8413,14144
0,0,0,8055,9525,13823
0,0,0,8018,8868,14005
0,0,0,7725,8764,13878
0,0,0,7739,9179,14117
0,0,0,8039,8944,13984
0,0,0,7553,9334,14229
0,0,0,7832,8999,14109
0,0,0,8039,8720,14002
0,0,0,7826,8764,14232
0,0,0,8762,8836,14408
0,0,0,7622,9180,13221
0,0,0,7829,8768,14196
0,0,0,7568,8970,14175
0,0,0,7713,8712,14188
0,0,0,7676,9288,14196
0,0,0,7978,8931,14058
0,0,0,7980,9040,13876
0,0,0,7572,9274,14364
0,0,0,8291,8922,13864
0,0,0,7639,9325,14144
0,0,0,7802,9024,12825
0,0,0,7624,8924,14393
0,0,0,7644,8940,14493
0,0,0,7679,8724,14171
0,0,0,8013,8988,13873
0,0,0,7679,9329,14224
0,0,0,7779,8909,14116
0,0,0,7530,9043,14295
0,0,0,7920,8888,14064
0,0,0,8143,8881,14473
0,0,0,7850,9029,14210
0,0,0,7721,9145,14146
0,0,0,7690,8852,14101
0,0,0,7716,9109,14228
0,0,0,7766,9463,14152
0,0,0,7508,9104,14351
0,0,0,8058,9054,13905
0,0,0,7797,9184,14578
0,0,0,7916,8733,13568
0,0,0,8195,8928,14397
0,0,0,7922,8740,14126
0,0,0,7649,9240,14124
0,0,0,7992,8951,14396
0,0,0,7752,9218,14140
0,0,0,8131,9056,13847
0,0,0,7868,9033,14041
0,0,0,7856,8770,14460
0,0,0,7807,9264,14260
0,0,0,7699,9176,14116
0,0,0,7824,9824,14192
0,0,0,7198,8953,14436
0,0,0,7679,9309,14159
0,0,0,7890,9052,14004
0,0,0,7619,9075,14351
0,0,0,7840,8729,14118
0,0,0,7898,8890,14116
0,0,0,7807,9078,14869
0,0,0,7961,8921,14081
0,0,0,7480,9092,14362
0,0,0,7788,8687,14148
0,0,0,7603,9313,14179
0,0,0,8027,9096,13828
0,0,0,8489,8914,14372
0,0,0,8024,9032,13921
0,0,0,7714,8979,14408
0,0,0,7848,9638,14228
0,0,0,7909,8958,13936
0,0,0,7848,9132,14791
0,0,0,7452,9132,14422
0,0,0,7652,8918,14139
0,0,0,7837,8794,14265
0,0,0,7594,8956,14268
0,0,0,7872,10061,14132
0,0,0,7674,9256,13986
0,0,0,7846,9145,14092
0,0,0,7884,8681,14131
0,0,0,7713,8792,13977
0,0,0,8051,9066,13921
0,0,0,7612,9293,14251
0,0,0,7805,9957,14206
0,0,0,7718,8957,14152
0,0,0,7949,8965,14036
0,0,0,7686,9337,14191
0,0,0,7918,8945,14462
0,0,0,8154,9053,14847
0,0,0,7773,9054,14075
0,0,0,8040,8938,13936
0,0,0,7373,8874,14561
0,0,0,8033,9018,14536
0,0,0,7584,8945,14582
0,0,0,7866,9248,14112
0,0,0,7963,8986,13943
0,0,0,7922,8942,13928
0,0,0,7532,8933,14456
0,0,0,7896,9727,14149
0,0,0,8035,9064,13913
0,0,0,7940,8937,14087
0,0,0,8052,8949,13947
0,0,0,7948,8864,14107
0,0,0,7881,8755,14343
0,0,0,8446,8987,14515
0,0,0,7945,9222,14577
0,0,0,7952,8857,14046
0,0,0,7844,8703,14202
0,0,0,7398,9068,14258
0,0,0,7614,7190,14246
0,0,0,8014,9043,13924
0,0,0,7980,8934,14443
0,0,0,7925,8413,14092
0,0,0,7498,8703,14145
0,0,0,7494,9009,14253
0,0,0,7884,8763,14164
0,0,0,8016,9084,13957
0,0,0,7800,9045,14238
0,0,0,7554,9053,14380
0,0,0,7896,8861,14052
0,0,0,7467,8452,14419
0,0,0,7683,9324,14135
0,0,0,8338,9028,14501
0,0,0,7905,8692,14185
0,0,0,7648,9228,14226
0,0,0,7744,8891,14496
0,0,0,8012,9089,14847
0,0,0,7979,8805,14134
0,0,0,7844,8985,14537
0,0,0,8058,9137,13907
0,0,0,7653,8826,14528
0,0,0,7972,8809,14019
0,0,0,7859,8689,14211
0,0,0,7402,8844,14460
0,0,0,7819,9089,14141
0,0,0,8715,8961,14429
0,0,0,7900,8954,13968
0,0,0,7686,8795,14292
0,0,0,7842,9096,14356
0,0,0,7668,8928,14528
0,0,0,7748,9254,14123
0,0,0,7881,8721,14234
0,0,0,7488,9042,14337
0,0,0,7906,8884,14407
0,0,0,7544,9220,14351
0,0,0,7728,9223,14137
0,0,0,7806,8764,14409
0,0,0,7952,9324,14268
0,0,0,7522,8703,14170
0,0,0,7677,8824,14015
0,0,0,7975,8954,14077
0,0,0,7696,9167,14196
0,0,0,8065,9091,13679
0,0,0,7512,7846,14476
0,0,0,8001,8975,13904
0,0,0,7859,8900,14019
0,0,0,7746,8731,14402
0,0,0,7753,9381,14190
0,0,0,7828,9337,14109
0,0,0,7664,9431,14305
0,0,0,8138,9133,13924
0,0,0,7674,8480,14541
0,0,0,8108,9108,13903
0,0,0,7514,9063,14384
0,0,0,6982,9117,13880
0,0,0,7804,8750,14190
0,0,0,7635,9228,14204
0,0,0,8000,8839,14078
0,0,0,8118,8934,14000
0,0,0,7713,9377,14182
0,0,0,7805,8742,14253
0,0,0,8038,9104,13658
0,0,0,7929,9016,14341
0,0,0,7720,9295,14178
0,0,0,7373,9239,14637
0,0,0,7635,8924,14585
0,0,0,7682,9394,14204
0,0,0,8016,9025,13968
0,0,0,7602,9374,14253
0,0,0,7607,9354,14301
0,0,0,7631,9304,14240
0,0,0,7881,9304,14285
0,0,0,7691,8061,14272
0,0,0,7812,8739,14050
0,0,0,8142,9093,13953
0,0,0,8050,8924,14620
0,0,0,7746,8792,14464
0,0,0,7977,9091,14057
0,0,0,7699,8849,14272
0,0,0,7749,7679,14342
0,0,0,7670,8822,14516
0,0,0,8529,9111,14439
0,0,0,7844,9616,14252
0,0,0,7454,9037,14490
0,0,0,7884,8122,14192
0,0,0,7815,8818,14386
0,0,0,7757,8943,14441
0,0,0,7780,9148,14031
0,0,0,7858,9133,14038
0,0,0,7890,9236,14013
0,0,0,7874,9264,14045
0,0,0,7959,9001,14047
0,0,0,7634,9678,14265
0,0,0,8067,9032,13894
0,0,0,7625,8914,14386
0,0,0,7679,9504,14182
0,0,0,8127,9063,13857
0,0,0,7448,9064,14445
0,0,0,7904,8719,14246
0,0,0,7466,9079,14368
0,0,0,8000,8949,14032
0,0,0,7624,9231,14263
0,0,0,7655,9310,14191
0,0,0,7798,9220,14097
0,0,0,7679,8966,14503
0,0,0,8035,9015,13823
0,0,0,7889,9269,14059
0,0,0,8072,9056,13875
0,0,0,7656,8727,14633
0,0,0,8090,9001,13876
0,0,0,7670,8528,14524
0,0,0,7862,9280,14277
0,0,0,7692,9309,14225
0,0,0,7732,8788,14485
0,0,0,8080,9108,14230
0,0,0,7912,9037,12837
0,0,0,7572,9242,14372
0,0,0,7906,8976,14078
0,0,0,7732,9340,14131
0,0,0,7701,8896,14516
0,0,0,7771,9283,14184
0,0,0,7673,9405,14206
0,0,0,7819,9136,14892
0,0,0,8006,9116,13924
0,0,0,7692,9337,14016
0,0,0,7897,8915,14458
0,0,0,7908,8891,14105
0,0,0,7746,8905,14232
0,0,0,7679,9408,14156
0,0,0,7272,9123,14432
0,0,0,7729,9013,14455
0,0,0,8007,8954,14111
0,0,0,7460,8703,14497
0,0,0,7511,9177,14212
0,0,0,7597,9346,14456
0,0,0,7613,9251,14349
0,0,0,7709,8822,13870
0,0,0,7640,9361,14272
0,0,0,7700,9174,14178
0,0,0,7874,9181,14163
0,0,0,8111,9045,14370
0,0,0,7963,8761,14038
0,0,0,8096,9100,13932
0,0,0,7694,8828,14265
0,0,0,7882,9257,14142
0,0,0,7849,8730,14185
0,0,0,7217,9254,13914
0,0,0,7809,8813,14197
0,0,0,7841,9378,14145
0,0,0,7670,9653,14196
0,0,0,8046,9062,13966
0,0,0,7840,8139,14144
0,0,0,7886,9310,14048
0,0,0,7962,9580,14148
0,0,0,7604,9445,14410
0,0,0,7577,9278,14298
0,0,0,7702,9376,14175
0,0,0,7745,9260,14961
0,0,0,7807,9250,14218
0,0,0,7677,9362,14185
0,0,0,7980,9339,14230
0,0,0,7948,9054,14097
0,0,0,8045,8997,14368
0,0,0,7883,8747,14130
0,0,0,7679,9283,14217
0,0,0,7576,9035,14272
0,0,0,7494,9168,14266
0,0,0,7645,9019,14211
0,0,0,8414,9102,14375
0,0,0,7727,9403,14172
0,0,0,7512,9155,14442
0,0,0,7648,8964,14467
0,0,0,7644,9163,14193
0,0,0,7754,9055,14062
0,0,0,7624,9165,14226
0,0,0,7812,8791,14194
0,0,0,7777,8884,14205
0,0,0,7640,8901,14461
0,0,0,7457,9071,14120
0,0,0,8136,9255,14243
0,0,0,7696,9077,13969
0,0,0,7691,9300,14096
0,0,0,8001,8924,14165
0,0,0,7682,9377,13237
0,0,0,7347,8872,14202
0,0,0,8055,9164,14084
0,0,0,7725,8173,14362
0,0,0,7903,8987,14013
0,0,0,7830,9389,14072
0,0,0,7656,9080,14231
0,0,0,7899,8870,14200
0,0,0,7487,9060,14376
0,0,0,7606,9155,14272
0,0,0,7676,9321,14116
0,0,0,7880,9070,14154
0,0,0,8122,9099,13856
0,0,0,7893,8872,14239
0,0,0,7728,9428,14140
0,0,0,8072,9044,14541
0,0,0,7761,9342,13985
0,0,0,8471,8486,14442
0,0,0,7948,9250,15194
0,0,0,8036,9076,13889
0,0,0,7778,9359,14152
0,0,0,7930,9110,14380
0,0,0,7895,9266,13635
0,0,0,7970,9049,14021
0,0,0,7876,9226,13985
0,0,0,7746,9354,14162
0,0,0,7594,9260,14233
0,0,0,7925,9180,13823
0,0,0,7670,9269,14412
0,0,0,8232,9188,14368
0,0,0,7769,8850,14365
0,0,0,7683,9444,14120
0,0,0,7725,8226,14442
0,0,0,7983,8956,14144
0,0,0,7552,9163,13171
0,0,0,7934,9131,14024
0,0,0,8736,9164,14298
0,0,0,7774,8968,14101
0,0,0,7702,9283,14164
0,0,0,8062,9249,13999
0,0,0,7932,8964,14116
0,0,0,7943,9104,14045
0,0,0,7750,8962,14437
0,0,0,7914,9009,14164
0,0,0,7083,9366,14201
0,0,0,7940,9174,14944
0,0,0,7679,8910,14468
0,0,0,7664,9324,14171
0,0,0,7682,9311,14145
0,0,0,8000,9046,13866
0,0,0,8601,9080,14479
0,0,0,7679,9404,14449
0,0,0,7679,8964,14496
0,0,0,7839,9264,14147
0,0,0,7717,9241,14113
0,0,0,7773,9299,14080
0,0,0,7677,9372,14195
0,0,0,7678,8926,14513
0,0,0,7971,9046,13666
0,0,0,7857,9182,13986
0,0,0,8106,8999,14360
0,0,0,8005,9078,14021
0,0,0,7732,8966,14408
0,0,0,8323,9352,14082
0,0,0,7899,9180,14077
0,0,0,8055,9120,13823
0,0,0,7200,9412,14159
0,0,0,7724,8904,14454
0,0,0,7935,10050,14113
0,0,0,7979,9066,14045
0,0,0,7652,9323,14230
0,0,0,7787,9322,14460
0,0,0,8031,9248,13953
0,0,0,7661,9325,14160
0,0,0,7761,9006,14407
0,0,0,8053,9087,14028
0,0,0,7592,9361,14217
0,0,0,7911,8703,14120
0,0,0,7642,9354,14093
0,0,0,7860,9018,14251
0,0,0,8000,9122,14847
0,0,0,7873,9353,13908
0,0,0,7990,8900,13943
0,0,0,7665,9282,14216
0,0,0,7568,9161,14272
0,0,0,7740,9385,14132
0,0,0,8077,9122,13823
0,0,0,7754,9239,14092
0,0,0,8073,9235,13844
0,0,0,7263,9426,14222
0,0,0,7812,9486,14092
0,0,0,7928,9246,14661
0,0,0,7790,9851,14133
0,0,0,7746,8996,13580
0,0,0,7835,8869,14130
0,0,0,7899,8930,14056
0,0,0,7801,9163,15082
0,0,0,7954,9028,14347
0,0,0,8112,9182,14195
0,0,0,7679,9261,14017
0,0,0,7745,8747,14084
0,0,0,7949,8929,14054
0,0,0,7842,9148,14016
0,0,0,7960,9158,14078
0,0,0,7808,8740,14135
0,0,0,7900,8733,14182
0,0,0,7821,8915,14145
0,0,0,7660,9338,13877
0,0,0,8026,9168,13890
0,0,0,7993,9231,13867
0,0,0,7744,8954,14389
0,0,0,7678,9078,14196
0,0,0,7837,8931,14068
0,0,0,8018,9174,13823
0,0,0,7696,9390,14121
0,0,0,7646,9382,14210
0,0,0,8089,9086,14031
0,0,0,7554,9156,14219
0,0,0,7602,8837,14348
0,0,0,7892,8990,14051
0,0,0,7982,9355,13989
0,0,0,7647,8801,14261
0,0,0,7206,9125,13861
0,0,0,7896,8972,14266
0,0,0,7679,9153,14056
0,0,0,8757,9084,13963
0,0,0,7990,9306,13942
0,0,0,7763,9238,14809
0,0,0,7951,9124,13959
0,0,0,7801,9280,14050
0,0,0,7652,9132,14232
0,0,0,8034,8987,13946
0,0,0,7946,9896,13904
0,0,0,9077,9038,14229
0,0,0,8001,9175,13810
0,0,0,7809,9165,13951
0,0,0,7678,9048,14427
0,0,0,7866,9177,13930
0,0,0,7498,9120,14280
0,0,0,7782,9287,14193
0,0,0,7782,8898,14104
0,0,0,7948,9047,13812
0,0,0,7920,8888,14058
0,0,0,7616,9217,14181
0,0,0,7836,7872,14010
0,0,0,7557,9223,14228
0,0,0,7759,9321,14012
0,0,0,8131,9319,13954
0,0,0,7712,9372,14196
0,0,0,8076,9133,13823
0,0,0,8055,8933,13899
0,0,0,7572,8953,14228
0,0,0,8075,9644,13820
0,0,0,8478,8899,14401
0,0,0,7827,8741,13125
0,0,0,7941,9136,14733
0,0,0,7690,9377,14059
0,0,0,8113,9149,13779
0,0,0,7474,9220,14251
0,0,0,7432,8062,14357
0,0,0,7812,8703,12837
0,0,0,8088,9008,13823
0,0,0,8486,8977,14129
0,0,0,7772,8858,14342
0,0,0,7704,9276,14123
0,0,0,7601,9043,14173
0,0,0,7842,9272,14065
0,0,0,7626,9331,14098
0,0,0,7932,8956,13971
0,0,0,8075,9096,14380
0,0,0,7800,9313,14079
0,0,0,7800,9262,13978
0,0,0,7846,8751,14046
0,0,0,8437,8962,14234
0,0,0,7573,9349,14099
0,0,0,7785,9164,13478
0,0,0,7752,9364,14137
0,0,0,7861,9174,13897
0,0,0,7780,9250,13962
0,0,0,7706,8980,14438
0,0,0,7825,9128,14531
0,0,0,7837,9267,14041
0,0,0,7860,8703,14121
0,0,0,8743,8813,14084
0,0,0,7959,8958,13940
0,0,0,7807,8829,14080
0,0,0,7736,9242,13981
0,0,0,7488,8874,14236
0,0,0,7748,8798,14212
0,0,0,7858,8897,14038
0,0,0,7784,9655,13952
0,0,0,8072,8703,12932
0,0,0,8101,9008,13812
0,0,0,7834,9153,13991
0,0,0,7633,8936,14416
0,0,0,7668,8488,14451
0,0,0,8042,9020,13823
0,0,0,7610,9304,14132
0,0,0,7696,8855,14268
0,0,0,8024,9036,13837
0,0,0,8021,9290,14262
0,0,0,7641,9296,14173
0,0,0,7879,9075,13962
0,0,0,7748,8986,14293
0,0,0,7679,8900,14185
0,0,0,7679,8869,14550
0,0,0,7504,9069,14255
0,0,0,7523,9101,14264
0,0,0,7548,8823,14262
0,0,0,7679,8877,14233
0,0,0,7959,9237,13894
0,0,0,7524,9112,14217
0,0,0,7726,8909,14295
0,0,0,7639,9103,14137
0,0,0,7701,8840,14028
0,0,0,8446,8838,13936
0,0,0,7903,9460,14044
0,0,0,7824,9342,14024
0,0,0,7678,8806,14029
0,0,0,7668,9304,14142
0,0,0,7892,8974,13815
0,0,0,7679,9384,14075
0,0,0,7612,9332,14074
0,0,0,7734,8480,14152
0,0,0,7721,8907,14533
0,0,0,7928,8890,13969
0,0,0,8116,9328,13744
0,0,0,7679,8828,14457
0,0,0,7793,8761,14127
0,0,0,7288,8979,13961
0,0,0,7275,9028,14176
0,0,0,7979,9107,13840
0,0,0,7852,9023,14226
0,0,0,7541,9084,14263
0,0,0,8052,9034,13760
0,0,0,7783,9846,14123
0,0,0,7666,9402,14847
0,0,0,7814,9248,13938
0,0,0,7544,9180,14172
0,0,0,7720,8743,14026
0,0,0,8045,9094,14074
0,0,0,7728,9037,14275
0,0,0,7524,9248,14052
0,0,0,7794,8665,13918
0,0,0,7750,9320,13990
0,0,0,7706,9256,13997
0,0,0,7483,9072,14028
0,0,0,7811,7184,14025
0,0,0,7676,9241,14068
0,0,0,7748,9130,13729
0,0,0,7902,9058,14050
0,0,0,7617,9098,14068
0,0,0,7968,9555,13889
0,0,0,7785,8768,14077
0,0,0,7437,9057,14279
0,0,0,7904,9172,13938
0,0,0,8613,9010,14279
0,0,0,7654,11541,14395
0,0,0,7581,9371,14152
0,0,0,7857,9170,13898
0,0,0,7894,9046,14601
0,0,0,7887,9255,14117
0,0,0,8093,9112,13791
0,0,0,7820,8740,14112
0,0,0,7679,8906,14345
0,0,0,7464,9029,14199
0,0,0,7679,9235,13053
0,0,0,7727,8703,13959
0,0,0,7700,9424,14066
0,0,0,7848,9248,13889
0,0,0,7848,8989,13933
0,0,0,7520,9183,14205
0,0,0,7738,9267,14049
0,0,0,7909,9156,13733
0,0,0,7534,9305,14212
0,0,0,8752,9010,16363
0,0,0,7813,8825,14094
0,0,0,7632,9271,14089
0,0,0,7734,8884,14838
0,0,0,8640,9017,14220
0,0,0,7728,9093,14133
0,0,0,7720,9619,14036
0,0,0,7716,8760,14407
0,0,0,7836,7904,14016
0,0,0,8008,9032,13824
0,0,0,7981,8914,13900
0,0,0,7710,8797,14400
0,0,0,8162,8916,13823
0,0,0,8039,8958,13760
0,0,0,7739,9286,14002
0,0,0,7826,9330,13957
0,0,0,7669,9477,14113
0,0,0,7664,9354,14040
0,0,0,7790,9172,13970
0,0,0,7909,8834,13531
0,0,0,7603,8892,14356
0,0,0,7695,9304,14251
0,0,0,7679,8768,14124
0,0,0,8140,9018,13823
0,0,0,7837,9672,14056
0,0,0,7703,9333,13249
0,0,0,8333,8983,13726
0,0,0,8023,9038,13749
0,0,0,8072,8873,13917
0,0,0,7508,9127,14157
0,0,0,7518,9020,14122
0,0,0,7820,9145,13958
0,0,0,7919,8981,13932
0,0,0,8061,8993,13333
0,0,0,7944,9133,14348
0,0,0,7830,9320,13877
0,0,0,8108,9282,13744
0,0,0,7812,9172,14122
0,0,0,8006,9137,14013
0,0,0,7792,8796,14212
0,0,0,8005,9227,13778
0,0,0,7943,8976,13875
0,0,0,7852,9012,13968
0,0,0,8008,9237,13942
0,0,0,7807,9160,13974
0,0,0,7789,9112,14133
0,0,0,8036,9100,13823
0,0,0,7790,9012,14362
0,0,0,7796,9313,14121
0,0,0,8147,8984,13823
0,0,0,7984,9034,13823
0,0,0,7848,9468,14018
0,0,0,7790,8791,14228
0,0,0,7666,8944,14400
0,0,0,7687,8882,14371
0,0,0,7349,7735,14009
0,0,0,7968,8868,13823
0,0,0,7702,9364,14019
0,0,0,7679,9375,14038
0,0,0,7873,8710,14208
0,0,0,8212,8881,13851
0,0,0,8037,9425,13772
0,0,0,7991,9078,13824
