MQ 7,MQ 9,TGS 822,TGS 2600,TGS 2602,TGS 2611
0,17322,3024,2892,4503,9789
0,17620,2760,3779,4444,9709
0,16992,3149,3624,4656,9432
0,17304,3227,3577,4603,9249
0,16989,3407,3754,4317,9511
0,17092,2832,3423,4177,9448
0,17228,4374,3435,4418,9072
0,17235,3280,3779,4490,10080
0,17288,3304,3696,4565,9517
0,17569,3349,4143,4531,8112
0,16872,3224,4073,4395,9280
0,17248,3848,4072,4410,8449
0,17420,3653,4010,4673,9079
0,17477,3597,3805,4384,9188
0,17736,3649,3936,4515,9077
0,17730,3502,3909,4503,9095
0,17522,3688,4022,4213,9344
0,17704,3245,3894,4350,9415
180,16829,3250,3874,4050,9620
0,17168,3468,3731,4248,9322
0,17250,5467,3420,4359,9571
0,17233,3037,3415,4364,9518
0,17394,3229,3408,4406,9404
0,17587,3322,3572,4695,9619
0,17990,2682,3704,4552,9600
0,17800,3437,4041,4491,9266
0,17615,3772,4027,4329,9205
0,17615,3610,3815,4410,9152
0,17495,3568,3764,4370,9137
0,17216,3288,3671,4129,9579
0,17122,3445,3582,4390,9716
0,17406,3223,3464,3899,9536
0,17616,3481,3665,3985,9383
0,17782,3484,3589,4546,9732
0,17571,3714,4045,4070,9470
0,17484,3404,3586,4202,9646
0,17204,3440,4833,4279,9784
0,17336,3184,3454,4332,9554
0,16616,3245,3616,4618,9576
420,17530,3801,4117,4503,9298
0,17604,3299,3751,4796,9257
0,17497,3366,3530,3571,10020
0,17456,3297,3702,4840,9588
0,16774,3439,3911,4513,9438
0,17480,3549,3401,4646,9381
0,17352,3343,3763,4564,9393
0,17281,3356,3723,4479,9934
0,17851,3319,3749,4564,10208
0,17810,3528,3245,4510,9480
0,16697,3800,4071,4427,9312
0,17585,3736,4123,4355,9181
0,17576,3679,2884,4313,9274
0,17408,3517,3770,4584,9454
0,17325,3552,3701,2949,10249
0,17565,3439,3968,4290,9290
0,16836,3580,3629,4260,9697
0,17328,2257,3553,4486,9647
0,17500,3336,3784,4643,9315
0,17394,3254,3656,4701,9462
0,17488,3204,3741,4684,9281
0,17389,3354,3492,4058,9749
0,17535,3374,3657,4037,9664
0,16413,3373,3590,4721,9602
0,17676,3536,3876,4545,9412
0,17840,3583,4168,4403,9225
0,17550,3754,3989,4240,9093
0,17268,3366,3672,4070,9564
0,17852,3129,3352,4682,9748
0,17287,3160,3149,5099,9554
0,17390,3132,3474,4137,9566
16,17788,3712,3641,4699,9576
0,17950,3619,3541,4523,10254
0,17872,3792,4027,4163,9485
0,17249,3717,3807,4106,9443
0,17426,3479,3726,4195,9874
0,16372,3288,3768,4354,9792
0,17402,3021,3561,4392,9863
0,17619,3295,3748,4676,9645
0,17562,3496,3734,4717,9334
0,17809,3428,3680,4606,9451
0,18182,3689,3937,4451,9220
0,17902,3716,3754,4391,9382
0,17670,3730,3763,3648,11511
0,17450,3482,3835,4148,9807
0,17402,2603,3483,4331,9795
0,17326,3128,3464,4347,9257
0,17512,3182,3516,4732,9482
0,17632,3384,3520,4724,9468
0,17658,3432,3346,4238,9260
0,17616,3528,3724,4134,9595
0,17610,3506,3773,4650,9408
0,16988,3446,3833,4590,9405
0,17540,3558,2618,4626,9478
0,17736,3127,4026,4514,9155
0,17657,3625,4016,4332,8903
0,17567,3474,3702,5095,9487
0,17689,3466,3711,4350,9540
0,17770,3770,3830,4464,9480
0,17686,3613,3913,4675,8574
0,17494,3707,3810,4232,9500
0,17779,3541,3752,4160,9433
0,17562,3555,3698,4060,9568
0,18284,3420,3682,4188,9899
0,17573,3429,3655,4269,9269
0,17391,3261,3332,4369,9793
0,17398,3684,3405,4533,9802
0,17979,3436,3784,4444,9712
0,17799,3191,3465,4622,9584
0,17762,3174,3801,3764,9668
0,17749,3427,3998,4424,9392
0,17195,3562,3797,4533,9500
0,17732,3704,3948,4348,9142
0,17574,3613,3524,4360,9348
0,17661,4000,3736,5168,9556
0,17576,3454,3608,4418,9865
0,18223,3413,3636,4375,9680
0,17508,3788,3440,3535,10184
0,17475,3435,3843,4242,9105
0,17546,3288,3452,4373,9374
0,17557,4262,3879,4405,9560
0,17771,3413,4426,4378,9554
0,17581,3504,4168,4340,9649
0,17614,2870,3665,4299,9354
0,18338,3563,3068,4705,9399
0,17595,4019,3398,4448,9681
5,18158,3500,3731,4771,9280
0,18087,3537,3619,4500,10042
0,18075,3544,3757,4706,9589
0,17753,3218,3884,4533,9540
0,18187,3725,3977,6394,9308
0,18161,3660,3882,3863,8796
0,17909,3211,2923,5062,9859
0,17682,3476,4106,4544,9627
0,17977,3395,3664,4784,9518
0,18268,3476,3959,4537,11402
0,18031,3809,3828,4286,9411
0,18405,3609,3544,4288,9576
0,18232,3858,3872,4138,9576
0,18253,3485,3949,4928,9571
0,18123,3930,3873,4138,9482
0,18641,3437,3414,4270,9656
0,18475,3551,3626,4341,9810
0,16170,3644,3394,4563,9682
0,18056,3380,3480,4593,9577
0,18405,3898,3656,4701,8820
0,18188,4923,3722,4526,10151
0,18569,3917,3935,4367,9317
0,18507,3883,3880,3960,9640
0,17934,2978,3768,4133,9579
0,18249,3793,3851,4082,9428
0,18047,3754,6045,4161,9608
0,18760,3539,3601,4328,9589
0,18370,3716,3690,3618,9780
0,18248,3650,3648,4156,9656
0,18181,3373,5070,4279,9217
0,18222,3296,3505,4435,9799
0,18293,3677,3529,3408,9961
0,19212,3677,3766,4296,9821
0,18108,3451,4260,4459,9778
0,17973,3753,3741,4525,9654
0,17960,4006,3895,4457,9622
0,17886,3264,3400,4049,9648
0,18191,4266,3314,4501,9884
0,18248,3476,3459,4521,9816
0,18256,1815,3758,5066,9542
0,18283,3544,3788,4611,8528
0,18453,3635,3667,4695,10375
0,18307,3499,3709,4716,9879
0,18945,3664,3930,4484,9498
0,18478,3968,3948,4505,9365
0,18293,4081,3988,4025,9576
0,17675,3282,3752,4135,9568
0,17790,3402,3703,4185,8936
0,18068,3256,3462,4457,9718
0,18250,3589,3365,5068,9638
0,18277,3898,3879,4509,8597
0,18295,3637,3836,4370,9229
0,18298,4146,3848,4324,9513
0,18375,3040,3578,3600,9687
0,18366,3890,3532,5129,9480
0,18351,3935,3992,4659,8880
0,19602,3764,3618,5396,9443
0,18157,3799,3856,4569,9378
280,18375,3154,3418,5105,9724
0,18054,3190,3402,4859,9286
0,18521,3720,3728,4597,9378
0,18172,3801,3864,4387,9414
0,18052,3605,3329,4388,9601
0,17824,3272,3620,4580,9648
0,17819,3791,3364,4505,9523
0,18544,3472,3684,4296,9472
31,18311,3756,3970,4433,9329
0,17782,3633,4166,4340,9690
0,17974,3428,3708,4377,9736
0,17932,3832,3327,4546,9831
0,18025,3491,3606,4642,9521
0,18219,3556,3673,4634,9316
0,18377,4149,4060,4445,9277
0,18475,3893,3827,4459,9429
0,18443,3779,3942,4488,9460
0,18324,3914,3962,4732,9498
0,16900,3733,3842,6533,9472
0,17914,3707,3732,4070,9325
0,18150,3748,3512,4346,9650
0,17909,3429,3552,4442,9630
0,18132,3478,3728,4626,9177
0,18230,3863,3136,4292,9412
0,18120,3572,3502,4353,9592
0,18077,3506,1864,4388,9607
0,18163,3542,3506,3372,10395
0,18232,3672,3748,4253,9854
0,18113,3532,3548,2966,9669
0,18164,2288,3694,4601,9524
0,18040,3360,3502,4876,9454
0,18390,3243,3545,4524,9680
0,18087,3434,4072,4354,9725
0,18089,3415,3583,4552,9661
0,17917,3506,3189,4898,9677
0,18175,3311,3535,4820,9552
0,18596,3835,3477,4676,9593
0,18406,3716,3176,4659,9979
0,18378,3190,4139,4576,9265
0,18394,3252,3506,4486,9197
0,18457,3671,3816,4511,9160
211,18478,3751,3794,4436,9457
0,18095,3952,3952,4261,9461
0,18512,4138,3856,5090,9487
0,18340,3860,3883,4176,9643
321,18048,4021,3594,4462,9637
0,17816,3428,3606,4341,9745
0,17973,3344,2712,5332,9654
0,18208,3429,3583,4847,9636
161,18502,3940,3964,4318,8792
0,18193,3904,3904,4431,9310
0,18410,3624,3848,4241,9284
0,18028,3840,3583,4112,9823
0,18221,3602,3605,4280,9833
0,18865,3601,3651,4384,9946
0,18013,4036,3648,4476,9378
0,18010,3403,3631,3621,9602
0,18052,3348,3533,4805,10392
0,18113,3468,3661,4616,9420
0,17744,3501,3488,3794,9846
0,18115,4248,3493,3996,9807
0,18204,2800,3472,4544,9772
0,18057,3748,3140,4586,9715
0,18067,3402,2155,4821,9577
0,18217,3604,3793,4624,8632
0,18679,3677,3836,4447,9406
0,18324,3924,4200,4249,9504
0,18475,3628,3539,3735,9803
0,18031,3499,3448,4074,9877
0,18792,5288,3925,4572,9229
0,18274,3823,3820,5204,9648
0,18143,3737,3574,4216,10049
0,16092,4039,3756,4527,9826
0,18420,3712,3706,4740,9488
0,18535,4054,4227,4349,9386
0,18369,3856,4301,4817,8938
0,18113,4340,3243,4575,9809
0,18310,3579,4074,4818,9672
0,18552,3649,2624,4581,9480
0,18570,3200,4098,4426,9422
0,18479,3635,3952,4636,9140
0,18315,3780,3845,4197,9515
0,18302,3808,3778,4364,9707
0,18356,3613,3728,4545,8760
0,18600,3776,3553,4378,9564
0,18368,3833,3973,4867,9283
0,18205,3769,3849,5712,9502
0,18246,3645,3709,4257,9555
0,17997,3479,3826,4440,9120
0,18120,4928,3376,4509,9748
0,18227,4465,3474,3030,9923
0,18402,3578,3864,4774,9683
0,18397,3740,3900,4585,9517
0,18611,3747,3869,4648,9409
0,18624,3683,3985,4443,9515
0,18460,3621,3778,4568,9673
184,18628,3880,3899,4565,9416
0,18720,4256,3937,4567,9303
0,18499,4018,3945,3845,9667
0,18532,4547,4112,4266,9418
0,18203,3774,3776,4154,9744
686,18364,3319,3553,4773,9759
0,18103,3716,3541,4445,9840
0,18133,3692,3340,4800,9632
0,18171,3439,3664,4802,9528
0,18241,3577,3826,4675,9302
0,18483,3671,3597,4514,9498
0,18421,3703,3575,4746,9605
0,18240,3715,3829,4506,9989
0,18729,3946,3824,4611,9750
0,18545,3839,3635,4698,9456
0,18171,3734,3104,4100,9519
0,18174,3606,3573,4310,9284
0,18192,3292,3462,4685,9685
0,18466,3591,3754,4768,9377
0,18454,3839,4149,4475,9224
0,18260,3882,3818,5222,9237
0,18256,3371,3789,4525,9760
0,18343,3715,3337,4220,9760
0,18345,3608,3668,4830,9632
0,18730,3776,3576,4627,9920
0,18487,3956,4456,4458,9568
0,18541,3699,3794,4186,9662
0,17668,3731,3578,4329,8997
0,18140,2538,3160,4544,9635
0,17990,3616,3816,4546,9509
0,18667,3558,3977,4550,9375
0,18637,3716,4028,4637,9257
0,18854,4725,3473,4684,9216
0,18604,4075,3977,4336,9445
0,18577,3922,4108,4424,9362
0,18276,3692,3842,4068,9608
0,18218,3634,3807,4096,9647
0,18317,3600,3623,4410,9762
0,19523,3592,3794,4456,9904
190,18528,3456,3616,4772,9546
0,18434,3783,3908,4280,9713
0,18234,4700,3500,4478,9704
0,18238,3479,3606,4698,9711
0,18158,3408,3649,4660,9628
0,18368,3338,3546,4808,9576
0,18574,4005,3992,4609,9293
0,18788,4082,4164,4625,9302
0,18584,3696,3815,4724,9593
0,18294,3534,3719,5060,9449
0,18225,3390,3546,4363,9620
0,18323,3611,3570,4288,9884
0,18344,3594,3698,4616,9720
0,18117,3389,3730,5512,9613
0,18571,3784,3873,4552,9402
0,18702,3481,3643,4856,10442
0,18637,3512,3854,4672,9280
0,19071,3932,3960,4588,9300
0,18631,4160,4032,4490,9460
0,18546,3965,4016,4560,9473
0,18347,3218,3844,4214,9593
0,18131,3385,3575,4522,9594
0,18353,3326,3344,4921,9644
0,18475,3623,3735,4851,9326
0,18656,3607,3831,4672,9688
0,18469,3785,3860,4399,9439
0,18423,3594,3574,4351,9716
0,18418,3725,3600,3608,10275
0,19166,3939,4650,4392,9853
0,18196,4218,3890,4235,9837
0,18554,3568,3886,4708,9548
0,18806,3794,3913,4717,9529
0,17956,4108,3960,4560,9291
0,18507,3794,3845,4126,9485
0,18372,3859,3523,4825,9542
0,18472,3650,3711,4219,9574
0,19442,3612,3691,4536,9775
0,21614,3294,3716,4757,9487
0,18646,3923,3946,4416,9380
0,18418,3821,3856,4381,11317
0,18095,3729,3737,4360,9606
209,18168,3396,3695,4831,9435
0,18681,3298,3394,4432,9862
0,18797,3819,4134,4657,9401
0,18850,3754,3985,4537,9368
0,18697,4021,3894,4393,9468
0,20965,3980,3965,4298,9525
0,17605,3820,3757,4317,9816
0,17266,3628,3436,4529,9834
0,18403,3505,3680,4590,9744
0,18254,3792,3966,4527,9828
0,18519,3969,3904,4624,9454
0,18198,3724,3241,4389,9907
0,17924,3439,3605,4746,9598
0,18478,3484,3446,4923,9368
0,18540,3874,3305,4665,9428
0,18508,3809,3609,4488,9561
418,18953,2580,3610,4351,9750
0,18236,3398,2989,5056,9708
0,18211,3531,3626,4706,9514
0,18764,3439,3785,2198,9430
0,18564,3962,3865,4292,9528
0,18386,3545,3577,4354,9725
0,18311,3805,4208,4443,9760
0,18770,3745,4136,4910,9219
0,18604,4587,4601,4629,9364
0,18486,3836,3783,4805,9598
0,18304,3765,3748,4224,9518
0,18390,3760,3618,4236,9809
0,18538,3755,3733,4318,9857
0,17373,3741,3678,4380,9899
37,18993,3501,4229,4329,9836
0,18319,3302,3580,4695,9724
0,18500,3488,3608,4765,9686
0,17455,3384,3114,4920,9553
0,18624,3388,3557,4836,9488
0,18772,4174,3548,4769,9469
0,18943,3964,4025,3607,9392
0,18655,4011,3980,4377,9640
0,18600,4436,3945,5144,9561
0,17741,3685,4730,4416,9460
0,18657,3560,4120,4913,9621
0,18876,3911,4264,4625,9988
0,18270,4026,4076,4222,9418
0,18416,3631,3707,4164,9924
0,18309,4352,3572,4544,9816
0,18496,3366,3722,4768,9578
0,18467,3389,3819,4599,9445
0,18500,2902,3966,4306,9505
0,18701,3961,3934,4225,9638
0,18254,3717,5259,4489,9402
0,18294,3502,3662,4668,9504
0,18886,3969,4032,4573,9299
0,18671,3645,3915,4136,9550
0,18443,3801,3782,4185,9206
0,18328,3671,3249,4545,9431
0,18547,3811,3768,4708,9184
0,18741,3694,4253,4484,9385
0,18496,3945,3904,4208,9648
173,20561,3509,3492,3409,9851
0,17458,4314,3520,4544,9826
0,18720,3766,4040,4821,9517
0,18830,4010,4170,4469,9355
0,18693,3914,3973,4237,9593
0,18548,3913,3863,4314,9768
0,18328,4023,3656,4542,9736
106,18771,4117,3941,4594,9374
0,18892,4087,3941,4486,9462
0,18569,3819,3704,4283,9664
0,18513,3426,3431,4347,10286
0,18810,3940,3821,4711,9944
0,18794,4057,3830,4406,9036
0,18573,3783,3708,3989,9704
0,18570,4285,3480,4200,9976
0,18635,4680,3576,4733,9764
0,18838,3954,3966,4587,9808
0,18828,3912,3122,4221,9565
0,18348,3729,4264,4651,9836
0,18625,3648,3638,4627,9184
0,19239,4021,3981,4548,9410
0,18771,3664,3522,4413,9718
0,18565,3370,3131,5005,9611
0,18860,3766,3850,4888,9414
0,18664,3899,3740,4637,9404
0,18441,3619,2630,4322,9885
0,18407,3241,2717,5440,9760
0,18654,3740,2985,5600,9494
0,18653,3884,3692,4549,9312
0,18594,3780,3852,4232,9521
0,19268,3666,3717,4464,9820
0,18266,4109,3452,4554,9657
0,18370,3411,3547,4794,9564
0,18528,3846,3602,4672,9556
0,18594,3739,3716,4592,9585
0,19034,3873,4267,4658,10328
0,19104,4124,4047,4240,9454
0,18725,3783,4114,4446,8921
0,17961,3471,3817,4200,9617
0,18069,3634,3661,4441,9941
0,18531,3973,3602,4636,9706
0,18576,3596,3683,4710,9329
0,18598,3772,3698,4481,10072
0,18826,3701,3818,4428,9122
0,18636,3970,3784,4297,9632
0,18788,3496,3621,4553,9615
0,17949,3524,4361,4385,9832
0,18540,3511,3714,4925,9552
0,18575,3647,3761,4719,9468
0,19176,3780,3583,4778,9130
0,18971,4133,3882,3572,9654
0,18931,3860,4057,4479,9566
0,18003,4205,3681,4463,9509
0,18698,3467,3941,5085,9603
0,18647,3402,3904,4232,9630
0,18760,3548,3649,4307,9555
0,18187,3346,3086,5073,9774
0,18698,3793,3830,4765,9453
0,18869,3665,3843,4744,9523
0,18624,3830,3907,4358,9540
0,18638,3447,3202,4793,9765
0,18482,3498,3334,4161,9753
0,18579,3566,3672,4834,9542
0,18839,3734,3900,4702,9784
0,18188,3922,3954,4368,9350
0,18524,3762,3744,4413,9672
0,18311,3979,3472,4697,9757
0,18396,3365,3432,4640,9726
0,18010,3724,3596,4684,9565
0,18834,3658,3591,4531,9719
0,18961,4157,4668,4576,9420
0,18849,4053,4251,4460,9376
0,18788,3801,3964,4407,9350
0,18600,2888,2922,4371,9970
0,18383,4324,3588,4661,9022
0,18510,3500,2772,4657,9567
0,18579,3592,3742,4754,9560
0,18656,3635,3557,4604,9629
0,18831,3671,3240,4658,9836
0,18824,3858,3843,4343,9624
0,18955,4025,4178,4532,9365
0,18161,3841,3960,4780,9818
0,18774,3693,3880,4657,9398
0,18628,3697,3958,4493,10146
0,18834,3983,3862,4598,9367
0,18852,3189,3888,4656,9349
0,18808,3975,4015,4479,9411
0,19395,4002,3825,4440,9756
0,18663,3882,4120,4171,9413
0,17440,4080,3700,4208,9749
0,18677,4108,2844,4565,9775
0,18810,3688,3756,4780,9683
0,18976,3959,4179,4893,9280
0,18928,4105,4060,4448,9610
0,18704,3584,3668,4453,9573
0,18541,4694,3659,4448,9833
0,18658,3640,3697,4706,9560
0,18822,3881,4030,4125,9818
0,18808,4071,4018,4535,9467
0,18631,3755,3658,4344,9860
0,18420,3926,3496,4343,9860
0,18471,3228,3600,4470,9244
0,18566,3575,3689,4784,9688
0,18648,3761,3843,4645,9353
0,18954,4007,4040,4288,9220
0,18804,3985,3651,4885,9290
0,18496,3873,3565,4459,9608
0,18358,4359,3856,4606,9690
0,19404,3605,3778,4627,9524
0,19039,3741,3180,4567,9299
0,18908,3976,3990,4549,9525
0,18584,3847,3708,4172,9506
0,18479,3736,3593,4343,9932
0,19078,3731,3558,3529,10621
0,18699,3620,3580,4748,9866
0,18764,3816,3786,4645,9557
0,18658,3819,3688,4702,9354
0,18727,4005,4073,4309,9488
0,17499,3776,3820,4274,9780
0,18549,4608,3546,4576,9827
0,18836,3860,3904,4653,9644
0,18988,3324,3933,4552,9522
0,18702,3971,3860,4307,9942
0,19261,3744,3702,4070,9898
0,19114,2524,3712,4367,9955
0,18506,3268,3681,5203,9699
0,18817,3520,4168,4568,9268
0,18908,3999,4067,4480,9488
0,18692,3942,3932,4592,9382
0,18941,3487,3864,4572,9392
0,19040,3821,3570,4620,9584
0,19013,4169,3470,4536,9392
0,18699,3921,3915,4302,9730
0,18724,4025,3978,4139,9585
0,18052,3524,3498,4530,9792
0,18809,3599,3688,4286,8800
0,18980,4110,3929,4506,9085
0,18819,3931,3971,4658,9416
0,18611,3887,3913,4296,9609
487,19439,3453,3634,4658,9673
0,19496,3845,3582,4482,9800
0,18533,3634,4065,4475,9716
0,19047,3625,3758,4409,9589
0,19270,3690,3796,4377,9726
0,18178,3377,3595,4572,9832
0,18840,4744,3277,4698,9804
0,18588,3773,3432,4528,9928
0,18572,3601,3685,4418,9736
0,20261,2551,3803,4720,9648
0,18531,3572,3420,4792,9664
0,18501,3432,3368,4757,9030
0,18468,3916,3426,4618,9603
0,18549,4546,3808,4516,9874
0,16810,3487,3558,3940,9764
0,18369,3974,3340,4591,9896
0,18474,4278,4317,4097,9874
0,18735,4586,3108,4721,9827
0,18738,3652,3842,4858,9696
0,18752,3684,3768,4738,9598
0,19035,3347,3828,4683,10365
0,18979,3766,3751,4892,9134
0,18848,3686,3729,4757,9454
0,19104,3797,3701,4722,9465
0,18629,3232,3686,4672,9687
0,18438,3597,4360,4544,9693
59,18672,3437,3580,3816,9689
0,18505,3347,3360,4173,9585
0,18368,4049,3530,4752,9432
0,18817,3927,3895,4445,9321
0,19109,3847,3944,4384,9504
0,18817,3849,3647,4403,9793
173,19497,3520,3580,4508,9605
0,18471,6124,3945,4443,9877
0,18640,4286,2146,4515,9719
0,18476,3429,3964,4527,9796
0,17931,3554,3051,4765,9596
0,18365,3500,3667,4770,9624
0,18908,3661,3634,4573,9705
0,19105,4224,4328,4634,9410
0,18916,4136,4184,4428,9546
0,18753,3825,3804,4294,9536
0,18078,3435,3739,4196,9616
0,18468,2881,3681,4505,9705
0,19392,3683,3993,4634,9792
0,18497,3678,3851,4622,9785
0,18744,4216,3686,4336,9962
4,18584,4404,3699,4568,9820
0,18778,3708,3821,4659,9668
0,19065,3403,4004,4676,9371
0,18986,3859,3975,4884,9666
0,18616,3532,3822,4396,9196
0,18493,4732,3488,4534,9835
0,18835,3479,2655,4952,9511
0,18741,4047,4063,4728,9186
0,18545,3757,3809,4303,9584
0,18280,3516,3284,4642,9842
0,18608,3485,3668,5185,9746
0,18463,3736,3380,4638,9496
0,18892,4130,3980,4570,9280
0,18185,3944,3882,4510,9480
0,19125,3708,3928,4609,9522
0,18930,4059,3865,5021,9780
0,18735,3839,3611,3438,8922
0,18465,4040,3408,4542,9937
0,18786,3452,3625,4388,9787
0,19850,3899,3944,4655,9840
0,19579,4036,4034,4419,9388
0,19032,3912,4000,4458,9386
0,19002,3693,3886,4700,8695
0,19065,3683,3904,4806,9338
0,21033,4028,3976,4636,9416
0,18885,4516,3904,4961,9554
0,18418,3797,3614,3777,10052
0,18717,3440,3450,4393,10180
0,18841,3806,3781,4904,9681
0,18889,3849,4012,4678,9602
0,19063,3892,3863,4575,9413
0,18344,3987,3965,3488,9537
0,18784,3288,3846,4331,9718
0,19499,3620,3854,4454,9426
0,18444,3686,4434,4532,9736
0,18630,3662,3816,4384,8903
0,19183,3591,3608,4826,9765
0,18867,4044,3954,4471,9163
0,18675,3767,3777,4337,9565
0,18733,4044,3705,4257,9492
0,18737,3904,3929,4685,9463
0,18888,3944,3037,4826,9307
0,18916,3942,4216,4519,9215
0,18820,3961,3880,4386,9515
0,18852,3646,3536,4430,9713
0,19149,3624,3694,4406,9982
0,18459,3641,3720,4577,9850
0,18516,4880,3419,4906,9727
0,18616,3492,3492,4704,9241
0,18598,4497,3479,4527,9882
0,18628,3636,4610,4580,9864
0,18372,3626,4525,4424,9845
0,18443,3392,3494,4670,9640
0,18488,3366,3394,4598,9654
0,18683,3528,3511,4594,9643
0,18612,3529,3640,4737,9758
0,18448,3527,3574,5043,9821
0,18612,3314,3472,4802,9711
0,18698,3648,3398,4716,9830
0,18820,3664,3572,4835,9828
0,18791,4025,3748,4779,9559
0,18588,3705,3725,4770,9658
0,19064,3765,3836,4673,9740
0,18357,4048,4000,4465,9139
0,18827,3784,4012,4640,9314
0,19163,3940,3892,4568,9323
0,18982,4292,3950,4752,9492
0,18728,3963,3797,4273,9781
0,18710,3797,3785,4301,9568
0,17807,3837,3770,4198,9930
0,18789,3868,3117,4464,9713
0,18812,3837,3866,5355,9585
0,18894,4120,3755,4477,9618
0,18960,3854,3892,4640,9627
332,18865,3783,3501,4444,9917
0,18737,3807,3781,4426,9768
0,18777,3965,3877,4401,9526
0,18817,3964,3873,5281,9547
0,18817,4019,3713,4284,9482
0,18562,3921,3943,3357,9792
0,18869,3728,3722,4412,9674
0,18505,3419,4081,4556,12358
0,18487,3640,4009,4646,9856
0,18522,4228,3446,4690,9792
0,18784,3877,4057,4454,9985
0,18705,3033,3880,4307,9700
0,18820,3967,3976,4950,9031
0,19132,4301,3873,4692,9515
0,18724,3910,3749,4356,9849
0,18702,3729,3974,4507,9788
0,18458,3729,4039,4403,10022
0,18384,4236,4116,4436,9897
0,18316,3422,3458,4569,9733
0,18276,4304,3417,4583,9766
0,18724,3637,3722,4416,9950
0,18362,3733,5108,4404,9881
0,19250,3564,3609,4424,9901
0,18568,4392,4183,4400,9834
0,18668,3687,3910,3770,9963
0,18538,3609,4171,4500,9743
0,18570,4221,2936,4908,9769
0,18504,3699,4017,4440,9802
0,18881,5045,4601,4632,9813
0,18612,3970,3648,4493,9805
0,17994,3606,3635,4782,9683
0,18740,3620,3745,4903,9424
0,18731,3482,3587,4274,9628
0,18593,3949,4411,4136,9969
0,18652,3579,3508,4829,9561
0,18937,3547,3728,4800,9772
0,19154,3433,4145,4646,9330
0,18915,4112,4142,4563,9339
0,18896,3986,3929,4596,9381
0,18837,3844,3954,4486,9376
0,19065,3758,3660,4370,9781
0,18625,3697,4754,3986,10011
0,18795,3629,3619,4870,9823
0,18758,3650,3881,4804,9728
0,18964,3764,3853,4636,9542
0,18821,2417,3898,4718,10267
0,19072,3767,3617,4300,9385
0,18997,3798,3828,4606,9688
0,17681,4109,3932,4577,9459
0,18922,4121,3779,4350,9571
0,19202,3730,3872,4042,9656
156,18940,3498,3184,4668,10193
0,17815,3460,4631,4544,9943
0,19442,3376,3484,4656,9922
0,18539,3378,3974,4678,9989
0,18825,3670,3543,4153,10177
0,18671,3595,3636,4889,9831
0,18675,3445,3736,4898,9747
0,18683,3529,3088,5128,9656
0,18618,3608,3683,4821,9120
0,16484,3604,3696,4862,10280
0,18979,3934,3858,4831,10061
0,19108,4148,4035,4672,9494
0,18963,4072,4350,4527,9534
0,19806,3584,4362,4601,9979
0,17891,3375,4756,4591,9884
0,18724,3611,3726,4706,9621
0,18581,3480,3598,4805,9644
0,18973,3479,3499,4672,9674
0,18556,3874,4750,4504,9934
0,18359,2980,3855,4439,10090
0,19046,3742,3821,4974,9608
0,18843,3944,3777,3837,9900
281,18828,4146,3455,4808,9420
0,18842,3916,3964,4238,9678
0,18869,3976,3918,4523,9376
0,18993,4086,4913,4408,9493
0,19018,3994,3973,4432,9462
0,19056,3441,3821,4800,9355
0,19006,3969,3776,4853,9532
0,18771,3635,3611,4651,9822
0,18885,3316,3799,4713,9474
0,18596,3516,3444,4208,9792
0,18892,3202,3535,4904,9567
0,19028,3929,3616,4891,9873
0,18913,3728,3826,4752,9669
0,18717,3673,3573,4790,9669
0,18792,3628,4202,4859,9501
0,17765,3765,3587,4548,9758
0,18461,3704,4548,4535,9783
201,19453,3400,3611,4662,9647
0,18999,4120,4388,4530,9512
0,18789,3251,4012,4406,9513
0,18970,3990,4042,4634,8961
0,19210,4060,4076,4673,9252
0,19149,3825,4119,4713,9877
0,18880,3557,3561,4735,9745
0,18773,3552,3571,4906,9519
0,18601,3722,3837,4368,9927
110,18793,3597,3659,4594,9802
0,18992,5690,3786,4426,9557
0,18935,4018,4214,4634,9751
0,19021,3459,4002,4458,9575
0,19168,3175,4114,4606,9422
0,19034,4039,4002,4487,9402
0,19116,3872,4077,4627,9432
0,18313,3885,4481,4637,10587
0,18678,3729,3718,4910,9507
0,19177,3820,3724,4853,9470
0,18964,3745,3883,4796,9637
0,18894,3774,3893,4679,9459
0,18991,3753,3927,4695,10760
0,19050,3431,3626,3853,9384
0,18983,3981,4042,4601,9815
0,19308,4423,4001,4737,9384
0,19120,4151,4346,4630,9500
0,18992,3287,4177,4567,9941
0,19044,3776,4056,4812,10684
0,18963,3832,4045,4705,10030
0,16784,4032,4128,4687,10125
0,19124,4036,4141,4610,9423
0,19040,3824,4272,4619,9348
0,18671,3871,3880,4194,9858
0,18458,4065,3668,4663,10304
0,18665,3572,3736,4808,9226
0,18802,3706,3305,4990,9488
0,18957,4298,3804,4770,9418
0,19013,3692,3690,3973,10215
0,18854,5076,3908,4753,9466
0,18788,2658,4228,4586,9364
0,19104,3926,3511,4442,9328
0,18993,3907,3909,4496,9459
0,18923,4165,3768,4588,9563
0,19128,4105,3846,4194,9483
0,18776,3992,3896,4351,9706
0,18815,3445,3936,4160,9706
0,18717,3638,3713,4406,9860
0,18615,3753,3744,4436,9554
339,19036,4053,3487,4587,11624
0,18984,3890,4125,4417,9482
0,18669,3864,3810,4324,9796
0,19009,3625,3683,4321,10000
0,19221,3499,3597,4612,9930
0,19051,3876,3670,4622,9919
0,19721,3760,3704,4701,9951
0,18572,4357,3618,4650,9813
0,18400,3593,3672,4861,9664
0,18691,3171,3477,4751,9103
0,18735,3638,3690,4820,9513
0,19100,3605,3679,4837,10066
0,19014,3692,3406,4848,9652
124,18914,4145,4160,4754,9255
0,18536,3414,3570,4261,9744
0,18475,3735,3917,4433,10014
0,18216,2090,3511,4005,9937
0,18665,4477,3508,4664,9809
0,18642,3447,3568,4869,9718
0,18633,3488,3492,4680,9742
0,18918,3530,3634,4929,9562
0,18891,3832,3820,4672,9766
0,19161,4050,3932,4690,9556
0,18961,3284,3932,4594,9560
0,18799,3856,4033,4353,9734
0,18711,3499,3670,4594,9862
0,18588,2903,3697,4450,9716
0,19197,3568,3611,4793,9622
0,19225,3892,3939,4872,9951
0,18902,3997,4005,4553,9510
0,18807,3891,3796,4345,9521
0,18922,3934,3836,4900,9413
0,19566,3667,3957,4603,10016
0,17937,2412,3678,4520,10060
0,18685,3491,3184,4700,9600
0,18899,3526,3672,5048,9592
80,19105,3938,3817,4749,10648
0,18994,4011,3965,4709,9156
0,19046,4152,3916,4437,9456
0,19199,3960,4198,4609,9575
0,19024,4030,4149,4893,9673
0,18962,3972,3888,4376,9690
0,18709,3466,3510,4349,9168
0,19244,3472,3631,4524,9840
0,18616,3594,3604,4613,9918
0,18717,4418,3500,4722,9755
0,18855,3634,3760,4871,9545
0,18874,3640,3851,4457,9843
0,18883,3623,3925,4979,9702
0,18712,3492,3558,4626,8466
0,18673,3489,3665,4869,9835
0,19122,3489,3492,5019,9721
0,19113,3649,4110,4904,9700
0,19309,3986,3750,4717,9664
0,19259,4129,4135,4504,8682
0,18924,4029,3691,4671,9461
0,18898,3904,3925,5276,9538
0,18737,3753,3743,4407,9597
0,18826,3853,3634,4446,9989
27,18915,3702,3774,4478,10065
0,19011,3886,3839,5719,9515
0,18884,3921,3871,4561,10008
0,19287,3877,3913,5525,9558
0,18988,4041,3844,4183,9780
0,19055,4112,4007,4449,9591
0,18948,4060,3983,5276,9614
0,18920,4000,3904,4568,9458
0,19088,4186,3972,3897,9529
0,17833,4013,4034,4457,9444
0,18996,3998,3982,4358,9330
0,18677,3951,3837,5043,9649
0,19530,3691,3617,4653,9588
0,18957,4028,3771,4504,9408
0,19924,3832,3931,4505,9975
0,18812,4635,3795,4621,9839
0,18892,3682,3741,4753,9701
0,19072,3719,3664,4823,9813
404,19018,3565,4080,4527,9548
0,18967,3706,3427,4986,9574
0,19044,3748,3398,4937,9895
0,19121,3976,3905,5026,9716
0,19283,4015,4165,4638,9477
0,18181,2918,3980,4476,9456
0,18850,3810,3886,4152,9842
0,18997,3717,3772,4358,9744
0,19689,3772,3412,4616,9906
0,18728,3534,3552,4684,9749
0,19557,3591,3768,4917,9621
0,19602,3692,3767,4636,9536
0,19284,3943,3846,4629,9610
0,19260,4148,3921,4567,9916
0,19072,4127,3965,4180,9716
0,19016,4031,3926,4256,9225
0,18875,3864,3865,4716,9539
0,18966,3908,3776,4439,8932
0,19475,3592,4036,4698,9603
1128,18704,3794,3805,7312,9512
0,19268,3651,3705,4873,9388
0,19317,4048,3700,4753,9678
0,19079,3799,3885,4628,9654
0,18844,3884,3969,4550,9804
0,19249,3232,3776,4516,9641
0,19031,4036,3972,5379,9369
0,18900,3800,3912,5677,9495
0,18970,3719,3606,5035,9967
0,18770,3150,3428,4805,9906
200,19072,4058,4146,4616,9373
0,19122,3752,3852,4745,9628
0,19306,4010,4178,4360,9457
0,19152,4074,3990,4445,9674
0,19087,4008,3877,4066,9748
0,19062,3548,3834,4480,10169
0,18688,3117,3801,4430,9920
0,18686,4542,3550,4586,9755
0,19088,3540,3497,4276,9757
129,19372,4112,3648,4859,9597
0,19137,4057,4065,5012,9450
0,19011,3971,3898,5449,9556
0,18917,3872,3698,3920,10001
0,18676,3838,3434,4604,9190
0,19199,3616,3565,4114,9769
0,19198,3593,3698,4850,9804
0,19156,3832,3266,4872,9644
0,19083,3792,3883,4853,9575
0,19325,3798,3848,4840,10573
242,19369,3866,3792,4374,9435
0,18755,4145,3952,4584,9316
0,19159,4075,4255,4404,9632
0,19216,4016,3686,4343,9632
0,19051,4040,3191,4334,9162
0,18861,3824,3375,4726,9871
0,18807,3840,3840,4446,9718
0,19609,4024,3593,4517,10099
0,18738,4296,3521,4236,10070
0,19149,3620,4032,4962,9792
0,19208,3879,3915,4817,9762
0,19222,3884,3906,4666,10446
0,19159,3876,4143,4673,9400
0,18914,3946,3997,4230,9297
0,19637,3576,3665,4574,9886
0,18762,3507,2931,4498,9741
0,18912,3621,3458,4994,9638
0,19199,3752,3760,4862,9395
0,19306,3677,3439,4956,9412
0,19692,4204,3934,4672,9498
0,19199,4156,3953,4638,9652
0,19090,4028,4081,4522,9553
0,19173,3950,4022,4799,9182
0,19257,3556,3870,4881,9776
0,18129,3805,3937,4904,9625
0,18956,3690,3739,4783,9901
0,18746,3545,3621,4725,9736
0,18957,3734,3697,4875,9422
0,18941,3633,3536,4468,9830
0,17972,3538,3582,4646,9759
0,18683,3922,3142,5056,9824
0,19071,4136,3712,4548,9871
0,18911,3940,3938,4416,9995
0,18805,3637,3863,4316,9611
0,18793,3788,4228,4437,9605
0,18874,3689,3667,4477,9674
0,18880,3698,3596,4408,10033
554,19074,3944,2939,4768,9860
357,19228,3672,3692,4912,9680
0,19281,1156,3499,4470,9586
0,19636,3586,3550,4783,9928
0,18856,3780,3722,5001,9717
0,19243,4005,4147,4460,9891
0,18115,4046,3867,4354,9737
0,18847,4049,3983,4368,9423
0,18863,3782,3605,4496,9774
0,18976,3894,3714,4597,9640
0,19012,3884,3886,4332,9605
0,18928,3114,3835,4301,9792
0,18916,3862,3722,4468,9696
0,18889,3913,3523,4361,9669
0,18640,3944,5187,4263,9820
0,18404,3596,3933,5273,9719
0,19089,4013,3922,4660,9106
0,20048,4453,3886,4442,9601
0,18950,4111,3913,3632,9498
0,19231,3870,3995,5119,9582
0,18980,3917,3584,4481,9858
0,18891,4028,3913,4398,9984
0,18801,3614,3609,4627,9856
0,19064,2916,3733,4696,9748
0,19495,3934,4284,4701,9482
0,19087,4584,3345,5118,9588
0,18994,3924,4128,4328,9626
450,18933,4006,3498,5417,9920
0,18773,3687,3392,4745,9916
0,18929,4307,2754,4020,10425
0,18980,3648,4172,4882,8344
0,18871,3621,3696,4732,9790
0,18666,4050,2894,4770,10019
0,19745,3753,3648,4663,9896
0,19010,3989,3976,4484,9792
0,19014,3948,3896,4376,9706
0,18969,3777,3746,4584,9690
0,19166,4013,3830,4292,9858
0,19045,3964,3786,4428,10034
0,18958,3452,3793,4453,9990
0,19705,3598,3533,4845,9840
692,19588,3501,3564,4918,9834
0,18772,3807,3422,4800,9869
0,19609,3720,3691,4478,9921
0,19031,3836,3679,4438,9686
394,18871,4349,3522,4676,9885
0,18968,3896,3752,4521,9988
0,18941,3722,3826,4435,10016
0,18955,3673,3732,4519,10026
0,18934,5092,3305,4780,9961
0,18984,3662,3580,4676,10067
0,19044,3525,3574,4474,10132
0,18925,3689,3948,4592,9576
0,18974,3774,3773,4425,9730
0,19395,4020,3858,4643,9558
0,18790,3636,3743,4647,9460
0,19210,3561,3592,4960,9735
0,18859,3531,3544,4616,9884
0,18835,3946,3804,4468,9703
0,19075,4066,3874,5319,9719
0,18997,2634,4001,5124,9763
0,19075,4028,4050,4850,9455
0,19011,3963,3955,5372,9522
0,18988,4066,3654,4484,9982
0,18824,3912,3705,4341,9846
0,18796,3164,3864,4292,9850
0,19001,3810,2811,4575,9746
0,18754,3768,3749,4712,9930
0,19319,3704,4978,4656,9901
0,20015,3839,3848,4555,9971
0,18757,3806,4545,4537,9905
0,19235,3974,3696,4672,9920
0,18951,3493,3529,5130,9537
0,19028,3877,3732,4828,9603
0,17668,3880,4058,4631,9997
0,18913,3624,3839,3885,9656
49,19376,3932,4012,4715,10333
0,19056,3840,4600,4820,8961
0,19025,3800,3860,4722,9765
0,19075,3886,3760,4842,10002
0,19136,4004,3746,4880,9385
0,19200,3898,4010,4808,9165
0,18540,2931,3787,4212,9676
0,19130,3697,3844,4849,9978
0,19363,3441,3624,4982,9597
0,19112,4005,4082,4684,9463
0,20364,3412,4020,4607,9434
0,19134,4202,3904,4392,9835
0,18768,3930,3919,4527,9916
0,19082,3625,3430,5029,9689
0,19509,3650,4066,4695,9417
0,19300,4334,3904,4672,9357
0,18940,3977,3807,4271,9929
0,19047,3712,3844,4598,10139
0,18638,3838,3922,4643,9964
0,18880,3132,3685,4892,8089
0,18896,3596,3018,4854,9603
0,18960,3625,3656,5007,9516
0,19384,3688,3696,4936,9519
0,18703,3766,3740,4767,9772
0,19296,3638,3754,4848,9804
0,19321,4350,4100,4574,9580
0,19216,3680,4145,4634,8923
0,19162,4138,4123,4682,9457
0,19073,3951,3860,4929,9465
0,18842,3845,3720,4424,9736
117,19319,3559,3471,5039,9712
0,19076,4377,3472,4736,9848
0,18848,3617,3576,3042,9945
0,19000,3645,3697,4899,9694
0,19335,3826,3851,4858,9694
0,19363,3583,4196,4679,9425
0,18171,4178,4074,4544,9640
0,19054,4080,3944,4318,9424
0,18747,3796,3832,4400,9680
0,18815,3529,3797,4512,9940
0,19780,3738,3801,4718,9974
0,19044,3863,3040,4319,10168
0,19505,3901,3845,4534,10000
345,19238,3611,3692,4434,9725
0,18888,3641,3744,4676,9904
0,18724,4390,3441,4764,9506
0,19055,4496,3505,4757,9994
0,18870,3592,3558,4416,10076
0,19548,3772,3648,4904,9684
0,19345,4232,4202,4648,9502
0,19232,4205,4151,4561,9460
0,19980,4061,4016,4662,9289
0,18969,3937,3711,4740,9637
0,19455,3824,3785,4658,9792
222,19388,3553,3650,4848,9761
0,18929,3738,3542,4761,9828
0,19117,3282,3769,4944,9717
0,19107,3738,3830,4804,9562
0,18640,3714,3588,4639,9894
0,19353,3965,4208,4745,9453
0,19312,4107,3318,4856,9384
0,19071,4201,3910,4771,9498
0,19041,3856,3721,4540,9699
0,19664,3757,3682,4677,9843
0,18943,3522,3812,5033,9572
0,19147,3874,3952,4767,9181
0,19455,4020,3913,4512,9511
0,19303,4051,3880,4508,9619
0,19136,4072,3872,4243,9641
98,19486,5481,3947,3839,9746
0,18818,4393,3440,4683,9142
0,19079,3698,3745,4966,9873
0,19226,3790,3654,4868,9604
0,19346,3633,4216,4709,9419
0,19162,4116,3924,4472,9697
0,18169,3887,5738,4292,9916
244,19090,3632,3707,4816,9814
0,18942,4000,3265,5044,9768
0,18974,3611,3713,4952,9780
0,19225,4264,3524,5012,9575
0,19022,3834,5042,4180,9860
0,19401,3732,3968,4822,9256
0,19290,4146,4061,4680,9603
0,18434,3448,4808,4768,9742
0,18442,3956,4664,4664,9747
0,18684,3743,3708,4827,9771
0,19445,3936,4020,4862,9956
0,19242,4219,4149,4607,9427
0,19069,4002,3892,4649,9405
0,19028,3778,3850,4050,9737
0,19064,3823,3491,4658,9942
0,18857,3594,3560,4917,9810
0,18887,3697,3560,4204,9700
0,19101,2846,3831,4966,9666
0,18975,3703,3755,4861,9628
0,18856,3752,3771,4001,8457
0,19129,3340,3834,5037,9624
267,19230,4180,4132,4532,9471
0,19296,3939,4138,4559,9286
0,19300,4884,4049,4617,9443
0,19264,4025,3728,4481,9612
0,19151,3978,4086,5328,9712
0,19113,3132,2519,3655,10068
0,18936,3651,3466,4705,9106
0,19012,3557,3783,5015,9468
0,19182,3854,3888,4945,9523
194,19250,4016,3955,4520,9630
0,19373,4205,2481,4722,9287
0,19272,4080,4200,4642,9490
0,19051,3421,3577,4562,9916
0,19035,4347,3635,4740,9892
0,19155,3889,3771,4842,9528
0,18977,3934,3971,4701,9668
0,19322,2968,4057,4800,9491
0,19328,3982,4000,4778,9508
0,19557,4118,3781,4789,9504
0,18988,3914,3883,4458,9612
0,18757,3914,3406,4804,9551
0,19372,4352,3800,5065,9521
0,19178,4015,3315,4740,9508
0,19030,3699,3781,4650,9782
0,18724,3565,3641,5050,9792
0,19246,3880,4096,5000,9888
0,19256,4160,4125,4887,9344
0,19108,4059,3469,4105,9626
0,19199,4276,3904,4583,9562
0,19208,4100,3986,4221,9769
0,19109,4008,3835,4578,9982
0,19103,4056,3986,4520,9735
0,19098,4051,3905,5670,9616
0,19167,4492,3772,1525,9684
0,19212,3715,4148,4473,9247
0,18795,4170,3472,4633,10093
0,18257,3883,3533,4321,9982
0,18990,2732,3488,4768,9859
0,19099,3780,3427,5206,9549
83,19288,4007,4130,4642,9420
0,19443,4152,3745,4808,10281
0,19492,4990,4133,4803,9093
0,19222,3396,4101,4694,9552
0,19393,3893,3532,4672,9437
33,19385,4054,4141,4789,9400
0,19686,3900,3426,4919,9414
0,19407,4264,4133,4752,9497
0,18245,4266,4160,4822,9416
0,19236,4174,4160,4673,9412
0,19212,4185,4025,4661,9450
437,19532,3939,3748,4370,9744
0,19205,4187,3922,4578,9673
0,19049,4020,4079,5303,9831
0,19185,4008,2978,4708,10606
0,19582,3711,3660,4746,9839
0,19091,3776,3822,4862,9647
0,19223,3298,4160,4712,9877
0,19176,4141,4046,4640,9188
0,19285,4176,3857,4859,9872
0,19008,3851,2811,4941,9867
0,18801,4444,3524,4863,9814
0,18730,5715,3460,4745,9858
0,19249,4013,3537,5101,9668
0,19264,3597,3523,5029,9808
0,19436,3927,4040,4547,9826
0,19300,3245,3822,4809,8413
0,19305,3888,4218,4852,9348
0,19533,3885,4050,4798,9285
0,19283,4180,4047,4710,9624
0,18965,4145,4039,4475,9630
0,19240,3909,3876,4659,9706
0,19159,4161,3665,4406,9448
0,18978,3987,3874,5470,9713
0,19272,3777,3104,4521,9781
0,18746,3474,5904,4741,9801
0,19080,3757,3443,5046,9608
0,19168,3897,3727,4101,9916
0,19265,3812,3884,4964,9708
0,19031,2707,3944,5119,9708
0,19080,4031,3864,4894,9637
0,19339,3869,4002,4939,9723
0,19382,3832,3807,4860,9467
0,19303,3777,4008,4689,9458
0,19250,4187,4247,4573,9518
0,18696,4006,4121,4233,9549
0,19232,2967,4212,4915,9706
0,19040,4070,3893,4154,9300
0,18747,3652,3778,4544,9849
0,18688,4147,3439,4608,9920
0,19071,3509,3601,5060,9680
0,18628,4260,4082,4868,9386
0,19324,4433,4026,4636,9476
0,19245,4148,4154,4555,9811
0,18544,3097,3898,5081,9610
0,19052,3770,3890,4388,9538
0,18881,3867,3040,5220,9673
0,19056,3788,3791,4551,9735
0,19149,3881,3601,4596,9983
0,18898,3874,3609,4451,9991
0,18952,3679,3745,4778,9972
0,18746,3702,3616,4724,9773
0,17909,3862,3908,4814,9360
0,19130,4116,3799,4782,9387
0,18830,3857,4039,4866,9397
0,19034,3926,3799,4872,9400
0,19531,3828,3779,4959,9845
0,19094,3685,2970,5248,9812
0,19058,3717,3696,5088,9537
0,18872,3895,3947,4938,9656
0,19357,3930,3990,4703,9919
0,19405,3898,3964,4918,9714
0,19202,3252,3892,4804,9280
0,19292,3865,3268,5152,9913
0,19452,3770,4066,4963,9587
0,19008,3673,3799,4458,9835
0,18917,3394,3616,4682,9766
0,18880,3629,3655,6560,9808
0,18786,3581,3590,5075,9745
0,18895,3940,3498,4782,9920
0,18813,3671,3765,4702,9954
0,18681,3637,3659,4545,9668
0,19003,3504,2631,5487,10102
0,19286,3700,3722,5078,9688
0,19401,3863,3865,4929,9560
0,19431,4435,4218,4072,9561
0,19382,4380,3892,4872,9595
0,19374,4170,4039,4509,9621
0,19309,3946,3829,4905,9544
0,19273,4107,3954,4886,9583
0,19082,4055,3938,4889,9607
0,19324,3892,3756,4524,9608
0,19127,3927,3660,3451,9964
0,19884,3783,4170,4448,10095
0,19031,4225,3850,4788,9904
0,18954,4597,3761,4800,9133
0,18951,3681,3484,5312,9763
0,18961,3796,3663,4552,9724
0,19174,3658,3642,4990,9599
0,19257,3711,3589,4464,9916
0,19518,4012,4136,4856,10333
0,19455,4287,4187,4792,9467
0,18593,3666,4042,4623,9169
0,19088,3896,3909,4358,8997
0,19493,3722,3701,4656,9991
0,18977,3379,3490,5035,9826
0,19045,3703,3716,5115,9557
0,19415,3912,4146,4875,9308
0,19496,3999,3864,5610,9174
0,18910,4042,3711,4241,9715
0,19192,3979,3795,4528,9896
0,18778,3354,3820,4515,9945
0,18853,4165,3808,4704,9844
0,19081,3838,3805,4870,8896
0,19199,4047,4107,4626,9389
0,19392,3983,3931,4878,9356
299,19279,3752,3797,4647,9926
0,19493,3965,3769,6126,9749
0,19196,5032,4745,5186,9761
0,19200,4104,3977,4352,9761
0,18999,3990,3730,4421,9737
0,18794,3788,3465,4604,10018
0,18899,3624,3490,5384,9664
0,18977,3650,3898,5072,9716
0,19126,3850,3710,4984,9634
0,19925,3641,3949,4840,9434
0,19097,4028,3898,4542,9667
0,19192,4682,3745,4569,9949
0,18916,5857,3461,3832,9664
1220,18993,4177,3708,5028,10155
0,19268,3812,3517,4976,9720
0,19401,3259,3565,4801,9430
0,19441,5989,3649,4933,9397
0,19512,4789,4101,4885,9888
0,19440,4114,4109,4845,9430
0,19288,2764,4164,4682,9487
0,19087,3371,4118,4875,9381
0,19557,4172,4080,4781,9402
0,19413,4050,4244,4829,9799
0,19432,3499,4005,4816,9648
0,19072,7858,3720,5106,9603
0,19109,3763,3786,5108,9572
0,19029,3816,3844,7833,9731
0,19037,3670,3768,4987,8730
0,19067,3853,3099,4928,9681
0,19051,3716,3733,4953,9652
0,19358,3848,3883,4755,9507
0,19156,4000,3872,4212,9640
0,18524,4178,3541,4804,9882
0,19148,4309,3602,5106,10055
0,19150,3808,3755,5035,9780
0,18289,3777,3788,4795,9652
0,19274,4112,4221,4884,10012
0,19390,4240,4079,4789,9370
0,19073,3834,4002,4416,9720
0,19229,3813,3229,4936,10066
0,18939,3536,3546,4715,9877
0,19127,3339,3585,4128,9543
0,19979,3863,3901,5032,9621
0,19277,3925,4396,5008,9668
0,18500,4021,3982,4849,9627
0,19146,3861,3650,4913,9702
0,19114,3817,3846,4992,9602
0,19306,4320,4000,5008,9992
0,19364,4252,3964,4758,9522
0,19280,4162,4346,4640,9666
0,19206,3736,3986,5463,9727
0,19157,4106,3981,4780,9484
0,19290,4418,3984,4664,9517
0,18951,4137,3886,4476,11187
0,19266,4145,4005,4562,9679
0,18417,4019,3868,4596,9716
0,19364,3190,3785,4655,9769
0,18783,4816,3399,5028,9837
0,19066,3790,3776,4979,9436
0,19280,4037,4112,4712,9429
0,19038,3180,3378,4830,9950
0,18820,4398,3553,4841,9929
0,18900,3690,3028,4772,9648
0,19222,4198,3994,5027,9465
0,18955,3862,3829,4500,9685
0,18817,4258,3579,4676,9591
0,19207,3930,3985,4938,9015
0,19319,4054,4141,4762,9417
0,19221,4058,3792,4768,9332
0,19241,3953,3985,5154,10933
0,19052,3514,3198,4643,9761
0,19624,3761,3835,4722,9894
0,18942,3648,3659,5125,9626
56,18697,4149,3841,4715,10350
0,19936,4197,4081,4905,8987
0,19392,4381,3967,3965,9992
0,19143,4418,3809,4484,9696
0,18888,4852,3470,4716,10068
0,19173,4136,3928,4980,10638
0,19382,4306,4140,3913,9481
139,19137,3806,3605,4644,9681
0,19126,4030,3882,4565,9829
0,19273,3958,3841,4662,10008
0,18168,4040,3613,4791,10044
0,18764,2846,3688,4993,9699
0,19336,3604,3803,4703,9765
0,19444,3904,4140,4784,9045
0,19261,4296,4107,4642,9196
0,19029,4033,5192,5450,9670
0,18687,3774,3863,4737,9546
0,18812,3504,3495,4786,9877
0,19400,3560,3544,5313,9719
0,19014,4309,3625,4861,10061
0,18788,2557,4921,4750,9994
0,18899,3558,2870,4972,9816
0,18988,3672,3552,4964,9802
0,18981,4026,3559,4847,9819
0,18908,4203,3590,4670,9959
0,19043,4111,3700,4977,9826
0,18824,4201,2185,4759,9926
0,18970,3603,3625,5072,9646
0,19061,3964,3645,4967,9708
0,18962,3752,4486,5146,9837
0,19136,3830,3827,4983,9840
0,19418,4027,4188,4846,10447
0,19244,4318,4097,4674,9471
0,19081,3960,3744,5104,9538
0,18923,3678,3446,4890,9576
0,19000,3762,3816,5085,9696
0,19208,3792,3112,5125,9536
0,19205,3911,4088,4947,9415
0,19176,3833,3871,5490,9648
0,19081,3860,3833,4573,9734
0,19608,4906,3764,4749,9968
0,18857,3868,4260,4753,9981
0,17840,3910,4010,4599,10024
0,18892,3558,3648,4564,9942
0,18668,4575,3426,4735,9944
143,18987,3899,4039,4946,9625
0,19127,3529,3446,4981,9842
0,19112,3872,3608,4880,10000
0,18937,3921,3597,4733,9659
0,18848,3781,3882,3575,9902
0,18817,3804,4475,4788,9882
0,18912,4020,3817,4586,9780
0,18952,3570,3944,4430,9935
0,19179,4156,3984,4709,9723
0,19470,4265,4062,4516,9749
0,19304,4232,4112,4552,9654
0,19156,4174,3648,5059,9969
0,19035,4033,4032,4801,8787
0,19295,4224,3960,4192,9744
0,19302,4157,4017,4608,9551
0,18891,3874,4060,4345,9894
0,19064,4056,3933,4641,9616
0,19404,4246,4071,4642,9439
0,19435,4105,3825,4851,10562
0,19184,4306,3857,4868,9600
0,19046,4121,3992,4766,8853
0,17178,4116,3988,4043,9920
0,19397,4107,3988,4708,9682
0,19359,3504,3929,4736,12758
0,19141,4117,4011,4514,9578
0,18912,3997,3946,5923,9704
0,19188,4688,3803,4523,9730
0,19116,4071,3914,4482,9865
0,19113,3965,4026,4456,8766
0,19003,3976,3952,5676,9603
0,19189,4641,3893,4526,9568
0,19166,4008,2272,4801,9666
0,19168,4048,3973,5376,9476
0,19104,3982,3988,5509,9514
0,19298,3836,4038,4050,9850
0,19176,4113,3977,5000,9635
0,19308,4088,4023,4848,9367
0,19182,4753,4580,4717,9592
0,19317,4252,3898,4021,9665
0,19373,4263,4290,4726,9726
0,19218,3449,4173,4747,8948
0,19239,4136,4090,3648,9544
0,19570,4210,4107,4793,9425
0,19394,4152,4130,4850,9899
0,19322,4279,4163,4776,8176
0,19232,3684,4166,4823,9463
0,19404,4171,4014,4792,9413
0,19372,4250,4276,4832,10816
0,19474,3932,3969,4878,9252
0,19401,3833,3752,4823,10242
0,18936,3882,3821,4912,9599
0,19287,3856,3927,4770,9691
0,19033,3807,3650,5142,9780
0,20015,3644,3724,5125,9650
0,19500,4000,3656,5042,9720
0,19310,4452,3984,4978,11189
0,19413,4056,4084,4840,10151
0,19225,3836,4017,4829,8942
0,19111,3646,3768,5028,9550
0,19122,3934,3744,5097,9630
0,19149,3760,3824,4994,9743
0,18924,3705,3736,4822,9680
0,18742,3738,3637,4789,9801
0,19493,3948,3636,4729,9085
0,18766,3807,4529,4679,9756
0,18948,3613,3667,4889,10008
0,19076,3614,3790,4972,8920
0,18928,3709,3553,4954,9812
0,18920,3656,3617,4688,9761
0,19090,3788,3740,5012,9824
0,18418,4597,3658,4792,9884
0,18804,3560,3577,4837,9744
0,18862,3243,3593,4906,9854
0,19182,3651,3728,5114,9704
0,19397,4725,3731,5156,9637
0,19072,3737,3881,4629,9580
0,18402,3751,3800,4998,9852
0,19148,3511,3961,4799,9394
0,17602,4202,4020,4546,9704
0,19194,3780,3992,4953,9041
338,19165,3817,3710,4855,9894
0,18880,3624,3655,4981,9720
0,18820,3556,3071,5162,9856
0,18948,3675,3786,5048,9416
0,19276,3860,3818,5014,9802
0,19316,4226,4059,4849,9496
0,19401,4440,4859,4851,9466
0,19388,4250,4298,4686,9504
0,18328,4253,4153,4698,9612
0,19225,4123,3913,4950,8545
0,18686,3869,3820,4448,9834
0,18906,3680,3062,4840,9592
0,19360,4007,4268,4792,8936
0,19385,4137,4000,4604,8721
0,19158,3892,3882,5146,9744
0,19516,3760,3230,4656,9808
0,18889,3801,4213,4911,9902
0,19259,4021,3622,5056,9780
0,19190,3750,3463,4859,9912
0,19304,3930,3736,4878,9640
0,18886,2690,3846,4920,9553
0,19115,3798,3785,4948,9546
0,19281,3930,3559,4938,10333
320,19398,4091,4050,4507,9658
0,19955,4307,3588,4979,9464
0,19404,4118,3923,4560,9686
0,19402,3802,3703,4672,9607
0,18177,4040,3483,4058,9902
0,19085,3820,3671,4263,10433
0,19050,3835,3874,5087,9780
0,18632,4418,3888,4952,8576
0,18133,3922,3944,4880,9735
0,19334,4045,3947,4466,9688
0,19164,3913,3170,5334,9694
0,19128,4038,3855,4635,9768
0,18934,4121,4438,4886,9904
0,19090,3796,3890,5023,9490
0,19279,4131,4022,4822,8270
0,19521,4181,4053,4802,9462
0,19419,4220,3882,4445,9804
0,19388,3943,3968,4704,9647
1860,19298,4022,4068,4581,9782
0,19198,3960,3834,4837,9536
0,19388,4183,3448,4441,9796
0,19420,4238,4125,4689,9632
0,19198,5044,3924,4512,8884
0,19208,4130,3976,5868,9622
0,19451,4333,4002,4956,10644
0,19452,4330,4208,4786,9491
0,19384,3977,3948,5100,9289
0,19399,3980,3948,5039,10052
0,19554,4323,4068,4682,9393
0,19427,4315,4394,4737,9467
0,18991,3101,4060,4631,9544
0,19240,4193,3839,4848,9529
0,19270,3965,3764,4809,9660
0,19537,4273,4033,4858,9616
0,19068,4178,3874,4320,9656
0,19093,4017,3931,4654,10073
0,19808,3886,3731,4672,9946
0,18854,4513,3558,4674,9592
0,18756,3610,3076,5476,9941
0,18640,3566,3522,4773,9832
0,18326,3824,4852,4394,10128
0,19088,3662,3556,4894,9536
0,18922,3785,4531,5456,10004
0,18964,3218,3405,5118,9835
0,18943,3627,3596,4659,9718
0,19206,3602,3567,5071,9632
0,19168,3801,3485,4666,9726
0,19040,3717,3676,4602,9824
0,18908,3785,3768,5048,9030
0,18786,3594,3650,4689,9874
0,19276,3800,3537,5164,9784
0,19194,3936,4132,5231,9813
0,19274,3932,3988,4947,9633
0,19103,3834,3872,4920,9564
0,19076,3864,3769,5112,9353
0,19925,3736,3704,5091,9713
0,19162,3836,3838,5004,9705
0,19185,4271,4109,4623,9595
0,19346,4061,4068,4872,9493
0,19360,4138,2183,5042,9726
0,19071,4040,3825,4639,9777
0,18991,3961,3794,4672,9737
0,19266,3858,3654,4660,9965
0,18993,3860,3299,4909,9960
0,19240,3966,3664,5187,9704
0,19068,3848,3688,5384,9727
0,19372,3923,3965,4949,9610
0,18683,3877,3498,4806,9698
0,19358,4142,3706,5267,10176
0,19802,4024,3503,5053,9973
0,18759,4517,3550,4799,9904
0,18915,4601,3374,4798,9976
0,19213,3760,3798,5036,9756
0,19415,4317,4224,4862,8893
0,19196,4213,3762,5042,9515
0,19720,3805,3754,4585,9982
0,18978,3638,2880,4906,9908
0,19067,3753,3810,5102,9759
0,19229,3874,3864,5010,9511
0,19064,4172,4043,4690,9512
0,19311,3947,3906,4876,9660
0,19404,4269,3587,5288,10241
0,19016,4010,4057,4859,10039
0,19030,3716,3651,4838,9908
0,18815,2685,3656,4846,9928
0,18976,3796,3711,5476,9889
0,19242,3749,3667,4917,9558
0,19614,3720,2541,5109,9646
0,19520,4106,3920,5024,9660
0,18444,5581,4276,4628,9425
0,19231,4036,4064,4531,9616
0,19357,4090,3933,4632,9776
0,19435,4384,3978,4526,9683
0,19088,4020,3787,4590,9980
0,18976,3925,3511,4750,9500
576,19161,3579,3656,5064,9901
0,18917,4668,3480,4677,9786
0,19269,4052,2909,5265,9290
0,19503,4521,3789,5005,9697
0,19252,4248,4064,4704,9598
0,19374,4091,3838,4548,9941
0,19263,4164,4191,4640,9785
0,19824,3953,4187,4682,10020
0,20246,3488,3881,4679,9167
203,19929,2917,3702,5043,9903
0,19694,3729,4866,4768,9962
0,19404,4742,3525,4859,9927
0,19490,3879,3491,5412,9702
0,19551,3491,4265,5037,9810
0,19348,4280,3952,4704,9686
0,19103,4026,3796,4579,10108
0,18993,4053,3882,4439,9857
0,18974,3993,3157,4778,10038
0,19124,3436,3765,5125,9849
0,19559,4108,4309,4846,9199
0,19372,4024,4160,4823,9191
0,18976,4126,3976,4749,9281
0,19081,3947,3406,4762,9433
148,19378,3745,3710,4983,9855
0,18972,3606,3308,4933,9751
0,18970,3756,3676,4983,10021
0,20044,3941,3658,5144,9658
0,19673,4081,3930,3649,10432
0,19420,4169,4265,4816,9501
0,19355,3817,3966,4693,9562
0,19178,4058,3976,4764,11181
0,19021,3916,3893,4679,9609
0,18928,4785,2756,5398,9119
0,18966,3677,4968,5002,9952
0,19269,3749,3691,5156,9689
0,17810,3940,3755,5088,9560
0,19552,4123,4032,4584,9689
0,19225,4227,3876,4292,10017
0,19098,3989,3683,4680,10031
0,18847,3665,3564,5232,10035
0,19391,4060,3811,5037,9645
0,19281,4216,3882,4370,9762
0,19317,4004,3674,4569,10112
0,19174,3793,3187,5168,12374
0,19333,3988,4021,4973,9788
0,18005,4313,4173,4685,9505
0,18551,3966,3783,4533,10126
0,18120,3743,3732,5116,9879
0,18600,4056,4026,4891,9949
0,19353,3947,4080,4721,9701
0,19318,5464,4014,4704,9531
0,19138,3969,3552,5096,9782
0,18800,3789,3600,4937,9889
0,18961,3622,3667,5044,9741
0,19276,3771,2932,4993,9664
0,19376,4211,4121,4964,9450
0,19179,4160,4050,4938,9637
397,19558,3652,3738,5006,9821
0,19156,3662,3525,4988,9877
0,19278,3701,3631,4896,10117
0,19415,4072,3937,5063,9690
0,19493,4064,4006,4881,9478
0,19319,3911,3885,4960,9058
0,19140,3765,4122,5103,9595
0,19455,3849,3795,5024,8909
0,19126,3813,3832,5169,9032
0,19065,3862,3773,4915,9795
0,19245,3788,3823,5104,8921
0,18979,3794,3749,5000,9617
0,19066,3988,4016,4672,9755
0,19351,3765,3858,4571,9896
0,19234,3241,3753,5108,9860
0,19534,4040,4029,5008,9586
0,19364,3906,3985,5129,9516
0,19481,4353,3716,4392,9988
0,19667,4114,3850,5066,9632
0,19498,4101,4066,5062,9683
0,19085,3656,4176,4802,9455
0,19148,3284,4106,4568,9654
0,19242,3433,3828,4800,9891
0,19208,3996,3964,4629,9768
0,18886,3772,4527,4873,9935
0,18960,3672,3569,5110,9833
0,19224,3668,3599,5203,9797
0,19142,3992,4037,5058,10223
0,19778,4331,4077,4988,10163
0,19320,4297,4011,4735,9640
0,19218,4052,4115,4544,9722
0,19042,3968,3800,4573,10100
0,19035,2784,3562,4964,9975
0,18803,3689,3787,4935,9844
0,19119,3803,3758,5110,9708
0,19461,3953,3873,5047,9665
0,19521,4121,3910,3705,10854
0,19583,4011,4016,4263,9706
0,19463,4137,4080,4848,9571
0,18497,4184,4009,4699,9821
0,18531,4017,4264,4754,9321
0,19013,4193,4291,4731,9553
0,19231,3804,3600,5162,9818
0,18900,4037,4021,4904,9446
0,19360,4169,3811,4793,9346
0,19337,4154,4020,4914,9368
0,19444,3884,3968,4841,9540
0,19374,4001,3763,4546,10433
0,19246,4120,3782,5368,9821
0,19264,4118,3870,4641,9890
0,19080,3501,3867,4657,10048
0,18928,4055,3839,4680,9868
0,18895,3636,3318,5047,9843
0,19186,3890,3527,5138,9777
0,19283,3904,3862,5096,9703
0,19416,4198,3880,5029,9633
0,19563,4061,4561,4962,9614
0,19371,3838,4184,4775,9565
0,19348,3447,4041,4431,9745
0,19307,3815,3981,4588,9821
0,19236,4113,3983,4975,9669
0,19209,4015,3996,4714,9724
0,19417,4092,3654,4568,9952
219,19506,3653,3547,4928,9871
0,19906,3860,3780,5058,9853
0,18160,3670,3621,4921,10006
0,19288,3682,3896,5082,9767
0,19356,3929,3616,5252,9549
0,19397,4176,4028,4837,9349
0,18981,4116,3922,4688,9636
0,19338,4271,3990,4115,9929
0,19266,4072,3962,4905,9840
0,19435,3333,3892,4860,9760
0,19168,3992,3895,3973,10061
0,18862,4046,3831,4646,9935
0,19116,3859,2716,5212,9895
0,18929,3595,3513,4860,9983
0,19305,4141,3503,5101,9899
0,19293,3907,3816,5006,9956
0,19399,4056,4688,4917,9672
0,19460,4128,4245,4820,9469
0,19431,3889,4082,4977,9268
0,19532,3909,4474,5050,9765
0,19591,4110,3812,5022,9939
0,19309,4078,4014,4914,9061
0,19564,4023,4149,5169,9627
0,19488,3713,3749,5126,9666
0,19486,4021,3620,5142,9618
0,19306,3641,3614,5208,10024
0,19185,3572,3457,4920,9960
0,19188,3554,3769,4659,9963
0,19284,3918,3830,5177,9527
0,19425,4037,3896,4989,10409
0,19545,4376,4056,4933,9363
0,19560,4328,4128,4808,9441
0,19343,4368,4060,4657,9281
0,19356,4019,3786,5738,9753
0,19305,3852,3728,4651,9734
0,19480,4274,3980,5100,9912
0,19453,4187,4214,4875,9544
0,19719,4212,4112,4901,9582
0,19393,4224,4048,4787,9595
0,19257,4032,3757,4593,9573
0,19290,3778,4365,4163,10033
0,19290,2996,3512,4808,9954
0,19377,3944,3869,5105,10947
0,19335,4010,4291,5056,8997
0,19329,3988,3328,5159,9562
1200,19523,4153,3945,4965,9390
0,19567,4136,4080,4980,9302
0,19429,4288,4047,4405,8805
0,18399,2693,4111,4641,9642
0,19450,4168,3878,4888,9436
0,18897,4153,4037,4583,9541
0,19453,4181,3805,5179,9675
0,19514,4320,3617,4739,9732
0,19416,4149,4185,4749,9515
0,19722,4306,3828,6197,9431
0,19384,4191,4053,4884,9467
0,19455,4196,4106,4799,9603
0,18922,4154,3564,4888,10475
0,19470,4016,3496,4637,10712
0,19354,4335,4152,4928,9424
0,19504,4266,3940,4069,9959
0,19520,4287,3986,5041,9233
0,19782,4087,4911,4925,10111
3092,19258,4300,4070,4952,9502
0,19404,4306,3888,5049,9771
0,19245,3643,3686,4858,9486
0,19116,3677,3573,6814,9656
74,19072,3781,3582,4904,9884
0,19228,3794,3569,4910,9867
0,19434,3852,3737,5236,9905
0,19434,3860,3240,4961,9976
0,19267,3819,6620,4915,9856
0,19420,3861,3668,5236,9755
0,19401,3906,3836,5112,9626
0,19595,4152,3882,4210,9731
0,19701,4255,4034,4902,9493
0,19474,4301,3466,4601,9661
0,19621,4136,3920,4930,9733
0,18351,4318,3981,4217,9716
0,19284,3760,3730,4677,9785
0,19482,4232,3924,4620,9800
0,19416,3607,4032,5329,9720
0,19537,4211,4047,4904,9472
0,19437,4200,3958,4860,9480
0,19521,4337,3969,4641,10403
0,19390,3780,4361,4564,9938
258,19732,3560,3463,4620,10151
0,19571,3892,3784,4759,10079
0,19270,4472,3621,4954,9694
0,19209,3873,3112,6013,9721
0,19301,3814,3728,5119,9525
0,19967,3785,3744,5056,9748
0,18837,3541,3608,4938,9988
0,19455,3823,3792,5025,9811
0,19320,3668,3727,5163,9840
0,19336,3565,3616,5304,9725
0,19399,4058,3688,4998,10059
0,19416,3933,4000,5124,9869
0,19087,4085,3862,4749,10010
0,19127,3336,3688,4810,10069
0,19452,3988,4000,4687,9630
0,19036,4185,3750,4345,9743
0,19527,3658,3925,4923,9638
0,19708,4143,3945,4560,9687
0,19519,4316,4144,4664,9588
0,19599,4106,4229,5171,9357
0,19606,4153,3793,4952,9834
0,19368,3527,3762,5155,9904
0,19174,3626,3537,5022,9865
0,19264,4042,3991,4469,9897
0,19240,3350,3897,4464,9798
0,19189,4227,3912,4596,9773
0,19534,3866,3734,4001,9910
0,19368,4089,4036,4357,9982
0,19151,3957,3858,4118,9876
0,19318,3936,3863,4735,9780
2605,19808,4031,3830,4795,9723
0,19659,4360,4057,4786,9668
0,19404,3288,4309,4969,10473
0,19565,3600,4181,4794,9013
35,19530,4054,4152,4990,9455
0,19695,4164,4161,4664,9744
0,19659,4277,4270,4894,9717
0,18894,4308,4064,4673,9550
0,19490,4249,3912,5052,9581
0,19773,3980,3907,5001,9502
54,19647,4112,4084,4890,10741
0,18970,3947,3905,4774,9726
0,19716,3912,3824,4810,9731
0,19381,3749,3674,5185,9712
0,19584,3961,3757,5172,9680
0,19496,3839,3709,5144,9858
0,19216,3574,3628,4968,9933
0,19316,3526,3529,5048,9866
0,19295,4645,3428,4467,10249
0,18589,3572,3816,4490,9248
0,19368,3924,3797,4699,9511
0,19533,4260,3745,4801,9782
0,19479,4152,4104,4615,9798
0,19549,4276,4120,5784,9225
0,19344,4170,3964,5203,9569
0,19970,4110,3966,4684,9718
0,19356,4795,3719,4070,10182
0,19334,4080,3896,4660,9936
0,20116,3341,3778,4571,10124
0,19105,3955,3797,4256,9878
0,19720,3954,3464,4892,10010
0,19574,4176,4146,4834,9394
0,19638,4072,3988,4752,9733
0,19709,3876,3966,5248,9647
0,19316,4030,3884,4754,9637
0,19450,4137,3844,4801,9480
0,19465,3786,3881,4552,9858
0,19526,3986,3937,5100,9698
0,19739,4193,4037,4470,9716
0,19762,4050,3817,4981,10201
0,19232,3765,3776,3832,9786
0,19291,3912,3596,5120,9774
0,18928,2692,3657,4800,9850
192,19542,3706,3700,4806,9846
0,19460,4792,3932,4387,9749
0,19531,4401,4005,4551,9924
0,19449,4145,4061,4559,9386
0,19372,4121,4042,4641,13320
0,19659,4280,3953,4805,9720
0,18325,3551,4130,4711,9616
0,19551,4133,3152,4892,9492
0,20048,4426,4074,5001,10129
0,19453,4072,3991,4966,9656
0,19439,3987,3900,5008,9706
0,19357,3851,3730,5284,9724
0,19281,3984,4774,4759,9961
0,19361,4046,3822,4744,9781
0,19592,4270,3889,4490,9903
0,19544,3884,3978,4797,9720
0,19590,4224,4067,5098,9558
0,19920,4442,4099,4866,9466
0,19357,2627,3689,5096,10055
0,19509,3931,3735,5283,9604
0,19456,3951,3820,5145,9585
0,19501,3977,3800,5050,9859
0,19243,4011,3863,4824,9537
0,19369,4005,3592,4784,9976
0,19617,4254,3893,4559,9962
0,19704,4173,2325,4804,9592
0,19672,4328,4103,5022,9353
0,19480,4258,4240,5065,9756
0,19965,4070,3960,5012,9658
0,19353,3804,3076,5146,9972
0,19524,4977,3705,5029,9755
578,19149,4219,3768,4862,9927
0,19392,2876,3838,4914,9972
0,19584,4155,3956,5048,9555
0,19563,4297,3834,4579,9652
0,18545,4234,4107,4735,9642
0,19549,4112,3699,4695,9652
0,19593,4221,4021,5613,9505
0,19644,4316,4400,4941,9470
0,18996,4341,4186,4711,9598
0,19662,4336,3820,5411,10064
0,19780,4002,3850,5108,9635
0,19851,3896,4442,4989,9800
0,19595,3628,3882,4911,9635
0,19312,3828,3448,5296,9289
0,19243,3656,3542,4996,9924
0,19189,3840,3582,4713,10160
0,19488,3762,3612,4983,9968
0,19569,3793,3796,5118,8854
0,19524,3950,3719,5176,9649
0,19528,4043,3914,5138,9644
0,20016,4184,4232,5002,9608
0,19620,4236,3104,4987,9704
0,19417,2952,4049,4960,9706
0,19443,3906,3856,5109,9680
0,19491,3945,3776,5082,9536
0,19458,3911,3878,5086,8358
0,19376,3729,3720,4970,9320
0,19287,3752,3650,4970,9583
0,19212,4672,3648,4852,9901
0,18484,4122,4748,4743,9886
0,19331,3922,3824,4763,9760
109,19585,3961,3659,4753,9747
0,19720,4429,3548,5185,9680
16,19958,4168,4257,5583,9319
0,19677,4115,3760,5144,9812
0,19324,3494,3604,4915,9906
889,19866,3913,3877,5213,9727
0,19344,4076,3808,4567,10142
0,19509,4207,4080,4781,9612
0,19828,4152,3845,5099,9677
0,19468,3709,3819,5068,9301
0,19172,4033,3869,4024,9433
0,19435,4272,3960,4696,9825
0,19455,4129,4009,5334,10002
0,19905,3993,4026,4932,9561
0,19688,3124,3759,5103,9774
0,19390,3733,3531,4887,9905
0,19438,4581,3498,4970,10152
240,18896,3476,3267,4726,9811
0,19261,4143,3822,4800,11084
0,19181,4748,3879,4436,9778
0,19704,4170,4247,5358,9845
0,19796,4250,4128,4747,8884
0,19437,4265,4163,4730,9525
0,19817,4416,3903,4072,9625
0,20001,4259,4084,4309,9688
0,19633,4292,4153,4782,9511
0,19984,4085,3876,5032,9867
0,19570,4034,4141,4958,9795
0,19536,4013,3925,4915,9189
0,19398,3920,3818,5065,9624
0,19936,3730,3650,5231,9832
0,19568,3736,3758,5132,9993
0,19372,4316,3566,4900,9548
0,19304,3768,3829,4883,10105
0,19397,3381,3460,5032,9933
0,19624,3972,3720,5184,9929
0,19544,3962,3778,5081,9786
0,21058,3922,3871,5064,9301
0,19554,4050,3465,5184,9728
0,19621,4273,4044,4936,10208
0,19291,4122,3831,4950,9757
0,19492,3181,3893,4945,9786
0,19118,3866,3786,5077,9648
165,19941,4319,4136,5036,9552
0,20034,4499,3940,5126,9830
0,19863,3948,4060,4860,9474
0,19803,4321,4264,4719,9502
0,19462,4075,4005,4349,9783
0,19529,3908,3859,5160,9798
0,19820,4237,3973,5991,9567
0,19787,4340,3974,4859,10129
180,19503,4309,4483,4586,9832
0,19612,4469,4200,4662,9648
0,19680,4393,3442,4756,10146
0,19713,4411,4106,3861,9522
0,19101,4222,4207,4712,10648
0,19637,4224,4057,4746,9513
0,19753,4282,4065,4932,9240
0,19231,4123,3882,4923,9777
0,19241,3289,3945,4258,9736
0,19205,3767,3680,5119,9733
0,19428,3850,3619,5089,9956
0,19273,3904,3752,4752,9957
0,19451,3991,3733,4736,9832
0,19626,4204,4580,5354,9723
0,19768,873,3730,5270,10150
0,20231,4177,3812,5190,9734
0,19494,3875,3706,4891,11016
0,19390,3833,3736,4936,9455
0,19292,3729,3616,4991,9813
0,19753,3734,3620,5064,9844
0,19599,3816,3613,4953,11073
0,19440,3464,3648,4893,9872
0,19222,3864,3778,4777,7995
0,19637,4084,3744,4757,9989
0,19383,3920,4350,4866,10072
0,18368,4042,3788,4880,10057
0,19436,3972,3071,5118,9967
0,19668,4402,2887,4822,10128
0,19641,4041,3466,4658,9877
0,19654,4209,3694,4581,9738
0,19492,4071,3826,4790,9944
0,19523,4475,3928,4761,9696
0,19757,4303,4096,5449,9752
0,19668,4393,4075,4704,9549
0,19801,4293,4217,4895,9460
0,19818,4113,4061,4785,9527
0,19667,4304,4128,4658,9547
0,19516,4340,4111,4627,9689
0,19601,3771,3974,5573,9762
0,19624,3976,3738,5981,9729
0,19843,4245,4170,4815,9645
0,19824,4166,4032,4789,9585
0,20567,4160,4032,5081,9452
0,19620,3971,3888,5025,9039
0,19411,3796,3193,5404,9707
0,19723,3512,3749,4664,9679
0,19334,3991,3831,4726,9944
0,19524,4161,3960,5591,9614
0,19734,4361,4104,5243,9810
0,19477,3451,4043,5043,9710
0,19468,4176,4429,4757,9697
0,19567,4160,3936,5726,9565
0,19735,4311,3883,5350,9630
0,19546,3761,4056,4505,9677
0,19405,4132,3994,4731,9664
0,19566,4044,3813,4700,9782
0,19792,4240,3986,4148,9788
0,19727,4244,4003,4739,9672
0,19780,4100,3892,4833,9567
0,19962,4194,3977,5011,9467
0,20053,4010,4386,5039,9792
0,19616,4443,4237,4911,9596
0,19948,4270,3589,5002,9726
0,19332,4152,3947,5100,9687
0,19692,3780,3768,5189,9808
0,19730,3738,3968,5102,9648
0,19574,4014,3904,5281,9690
0,19570,3960,3757,5171,9623
0,19624,3977,3859,5144,9808
0,19469,3064,3839,5058,9802
0,19572,4042,3837,5006,9597
0,19636,3955,3841,5081,9655
0,18010,4097,3757,5082,9657
0,20052,4120,3450,5076,10048
0,19403,4248,4059,4941,9459
0,19833,4256,4257,4885,8843
0,19784,4283,4161,5117,9446
0,19902,4420,3869,5033,10510
0,19648,4338,4040,4957,9705
0,19737,3863,4008,5014,8813
0,19686,4001,3884,5109,9581
0,19762,4429,4479,5138,9688
0,19601,3944,3948,5824,9745
0,19591,4200,3788,5078,9700
0,19501,3994,3899,4969,8687
0,19194,4017,3786,4780,10426
0,20021,4052,4062,4337,9431
0,19867,4241,3818,4815,9770
0,19738,4319,4017,6016,9707
1283,19587,4053,4607,4812,9952
0,19527,4052,3860,4783,9760
0,20164,4315,3914,4121,9892
0,20014,4317,4242,4854,9745
0,19735,4379,4139,4955,9438
0,19971,4823,4023,4981,9504
0,20006,4439,4233,4956,9467
0,19721,4066,3160,5769,9619
0,19663,3839,3673,4405,9822
0,18984,3930,3872,4820,10043
488,19691,3632,2390,5301,9954
0,19623,4172,3796,4624,9200
0,19772,3801,4040,4704,9239
0,19805,4444,3909,5077,9704
0,19805,5024,3971,4778,9673
0,19768,4161,4201,4831,9453
0,19899,4160,4102,5067,10560
0,19619,4048,4060,5176,9752
0,19511,3816,3821,4916,9840
0,19527,3843,3720,4908,9877
0,19455,3927,4322,4853,10072
0,19403,5541,3684,4924,8691
0,19453,3746,3332,5026,9956
0,19936,3821,3660,5064,9856
0,19495,4585,3845,4933,9970
0,19381,4218,5048,5496,9356
0,19355,4026,4762,4953,9819
0,19764,3996,3904,4704,9859
0,19784,3384,3649,4633,9877
0,19595,4145,4000,4864,9619
0,20096,4293,4024,4710,9740
0,19824,3560,3880,5085,9701
0,19498,3825,3745,5261,9888
0,19466,3942,3633,4772,9964
0,19746,3931,3841,5143,9908
0,19567,3645,3603,4926,9992
0,20013,4390,3808,4554,9594
0,19480,4309,4008,5870,9834
0,18311,4248,3983,4888,9636
0,20009,4730,4155,4907,9386
0,20046,4672,4209,4839,9410
0,22593,4041,3895,5137,9469
0,19852,3986,3722,4652,9856
0,19536,4197,4356,4813,9112
0,19658,4118,3896,4685,9798
0,19945,4320,3917,5073,9432
0,18972,4407,4049,4794,9555
0,19828,4294,3884,5378,9492
0,19885,4393,3897,4974,9781
0,20056,4502,4030,4838,9584
0,20084,3661,4216,4737,9555
32,20003,4192,4176,4898,9608
0,19966,4228,3782,4917,10224
0,19002,4076,3797,5017,9960
0,19840,3980,4192,4911,9828
0,19393,3964,3659,5109,9850
0,19912,3978,4389,4529,10059
0,20736,4538,3804,4642,9940
415,19985,3767,3392,5050,9915
0,20128,4618,3972,4516,9876
0,20168,4374,3568,5174,9496
0,20347,4337,3952,6464,9697
0,19458,3480,3999,5010,9704
0,20394,4172,3981,4928,9380
0,20092,4456,3939,4997,10121
0,19659,4461,4035,4904,9545
0,20347,4379,4027,4380,9801
0,20387,4457,4078,4808,9722
0,20330,4270,3496,5427,9544
305,20380,4313,3074,4909,9746
0,20448,4562,3537,4901,9699
0,19728,4485,3425,4985,9507
0,20185,3907,3666,5285,9810
0,20832,4534,3661,5384,9808
0,20288,4006,3649,5178,9852
0,19672,3077,3752,5036,9578
0,20152,4162,3886,5172,9701
0,20039,4088,3760,5191,9726
0,20182,4780,3829,4655,9683
0,20138,4292,3864,4936,9650
0,20366,4398,4193,4800,10593
0,20051,4117,3488,5271,9669
0,19767,4160,3773,5034,9710
14,20648,4490,4650,4177,9673
0,20471,4627,4193,4753,9653
0,20148,4593,4224,4708,9624
0,20246,4792,4282,4699,9497
0,20712,4359,3837,5096,9394
0,20285,4243,3564,4991,9554
0,20608,4317,4033,6568,8979
0,20196,4209,3919,5193,9743
0,20256,4218,3780,5300,9808
0,19173,4195,3897,5184,9792
0,19962,4019,3121,5370,9825
0,19962,4056,3682,5184,9734
0,19951,4140,3734,8092,9913
0,19463,3618,3740,4884,9922
0,19904,3985,3677,5105,9797
0,20170,4105,3609,5204,9564
0,19912,5479,3563,4767,11829
0,19940,4238,3837,4650,10214
0,20055,4267,3912,4592,9572
0,20086,4488,3886,4479,9808
0,19977,4351,3994,4466,9880
0,19731,4196,3947,4584,10051
0,23185,4317,3904,5342,9636
0,20314,4512,4128,4688,9549
0,20242,4475,3700,5113,9378
0,20250,4296,3988,5010,9834
0,19945,3960,3728,5031,9233
0,20298,4592,3874,4725,9745
0,19915,4503,4133,5190,9732
0,20249,4469,4078,4634,9592
0,20480,4150,4178,4363,9937
0,20516,3945,3928,4996,9812
0,20233,4153,3776,5230,9816
0,19939,4022,3809,5156,9904
0,19740,4112,3760,5040,9973
0,21224,4405,3904,4613,9817
0,20146,4216,3745,5256,9675
0,20167,4336,3946,4796,10075
0,20307,4450,4036,4888,9565
106,19957,4548,3967,5031,9513
0,20984,4027,3727,5212,9730
0,20105,4132,3608,5188,8690
0,20288,4180,3816,4808,10084
0,20314,4400,3888,4672,9677
0,20381,4701,4384,4769,9681
0,20508,4258,4224,4877,10497
739,20434,4534,4141,3181,9508
0,20327,4335,4039,5121,9729
0,20334,4088,3186,5373,9751
0,20203,4129,3784,5275,9683
0,20165,4172,3809,4962,9966
0,20863,3876,3688,5540,11019
0,20574,4140,5683,4803,9853
0,20206,4448,4060,4781,9710
0,20414,4357,4048,4815,8810
56,20458,4450,3165,4896,9594
0,20567,4434,4048,4293,9842
0,20308,3729,3880,5106,9755
0,20260,4062,3719,4725,9796
0,20311,4080,3816,4785,10172
0,20057,3081,3575,5000,9990
0,20150,3843,3578,4345,9958
0,19721,4310,3549,4293,10384
0,20274,4208,4135,5352,9946
0,20150,4610,3722,4966,9468
0,20076,4192,3776,4896,10101
0,20385,4525,3896,4740,9969
0,20407,4479,5348,4706,9820
0,20458,6073,4080,4969,9662
0,20482,4552,4027,5091,9636
0,20758,4656,4062,4880,9648
0,20773,4537,3982,5036,9960
40,20544,4646,4015,5135,10801
0,21424,4512,4069,5028,9414
0,20373,4473,4458,4950,10669
0,20342,4615,4251,5049,9485
0,20649,4418,4233,4995,9428
0,20990,4916,4172,5116,9656
0,20535,4402,4300,5039,9696
0,20400,4231,3906,5060,9656
0,20168,4024,3701,5088,9879
0,20388,4277,3611,5178,9762
0,20341,4080,3750,5945,10137
0,20033,4235,3955,4754,9641
0,20217,4195,3861,4682,9192
0,20364,4468,3894,4450,9929
0,20481,4521,4032,4863,9133
0,20526,4450,3976,4809,9281
0,20279,4422,3822,4751,9815
0,20589,4417,3886,4239,10112
0,20622,4520,3743,4613,9902
0,20634,4442,4031,4888,10146
0,20828,4466,4106,5008,9595
0,20530,4262,3934,5094,8907
0,20588,4165,3824,5190,9672
0,20771,4840,3772,5158,9792
0,20655,4044,3906,5064,9272
0,20553,3973,4258,5210,9812
0,20528,3838,3306,5119,9605
0,20564,4433,3827,5241,9503
0,20653,4466,3881,5016,9208
0,20370,4304,3891,5040,9649
0,20874,4329,4224,4956,10494
0,20681,4343,4196,5096,10361
0,20900,4922,3920,5082,9720
13,20777,5258,3852,5143,9835
0,19732,4344,3920,5064,9835
0,20842,4466,3852,5229,9786
64,20824,4534,4171,4990,9425
0,20690,4410,3137,5234,9840
0,20748,3836,3177,5125,9716
0,20558,4329,3852,5288,9672
0,20814,4432,3963,5108,9387
0,20811,4546,4208,4536,9710
0,19931,4496,4254,4932,9562
0,20784,4387,4137,5012,9877
0,20497,4090,3664,5204,9675
0,20537,4474,3757,5029,9936
0,20420,3576,3785,5085,9922
0,20392,4077,3763,5248,9693
0,20417,4852,3568,4998,10125
0,20316,4481,3810,4882,9856
0,19503,4256,3875,4985,9833
0,20360,4186,3072,5629,8329
0,20355,4201,3748,4954,9738
0,20697,4275,3799,5098,9962
0,20653,3839,3585,5015,10281
0,20845,3231,4268,4947,9704
0,20681,4129,4111,5264,9742
0,20533,4481,3923,4616,9563
0,20748,4309,3729,4879,9800
0,21349,4347,3718,4735,10073
0,20534,4400,3918,4550,9953
0,20550,4888,2933,4880,10033
0,20616,4280,3822,5212,9317
0,20781,4269,3940,5226,9639
0,20573,4378,3935,5088,9653
0,21026,4595,4082,4067,10560
0,20988,4555,4088,4946,10205
0,20627,4328,3912,5151,9649
0,20803,4716,3880,5346,9663
0,20910,4408,4257,5034,9724
0,20893,3461,3832,5009,10351
0,20452,4352,4032,5188,9649
0,20783,4664,3889,5154,9638
0,20772,4346,3972,5097,9809
0,20494,4071,3117,5060,9882
312,20511,5155,3966,5006,9602
0,20504,4926,3632,4703,10093
0,20304,3707,4321,4776,10071
0,20546,4430,4116,4920,9565
0,20769,4360,3774,4710,9686
0,20697,4548,3866,4587,9826
0,20488,4536,2740,4193,9719
0,20584,4466,3905,4740,9792
0,20790,4637,4165,5250,9781
0,20743,4656,4131,4942,9380
0,20775,4654,4119,4900,9581
0,20976,4740,4499,4792,9641
116,20977,4676,4020,4579,9843
0,20950,3641,4206,5064,9476
0,21107,4641,4129,5033,10442
0,20823,3521,3781,5119,9681
0,20732,4017,3628,5338,9921
0,20645,4089,3494,5046,10059
0,20681,5320,3722,5110,10004
0,20516,4644,3513,4956,10030
0,21541,4236,4281,4911,10015
0,20789,4632,4050,5158,9768
0,20932,4842,4106,5008,9327
439,21076,4519,4011,4971,9584
0,21045,4201,4254,4857,9777
0,20996,4392,2657,5048,9698
137,21016,4482,3593,5208,9715
0,20910,4572,4012,3688,11075
0,20901,4392,3932,4978,9840
0,20672,4151,3806,4883,9872
0,20480,4500,4235,4783,9823
0,20818,4375,4012,4562,9664
0,20724,4421,3815,5145,9640
0,20985,4759,4023,4836,9595
0,20465,4473,4074,5038,8958
0,20894,4990,4909,5370,9762
0,20421,4205,3562,4972,9945
0,20816,4454,3850,4866,9871
0,22014,4361,3838,5790,9981
0,20527,4426,4453,4812,10067
361,20621,4176,3716,4889,9562
0,20777,4853,3962,4862,9598
0,20966,4736,4205,4779,9646
164,20951,3610,3969,4576,9737
508,21484,4571,4130,4881,9391
0,20385,4083,3840,5285,9897
0,20978,4403,3864,4729,9858
0,20957,4721,3943,4681,9845
0,20927,4459,4587,5078,9607
0,21001,4513,3977,4979,9586
12,21209,4760,3942,4819,9800
0,20972,4207,3767,5079,9656
0,20636,4338,3665,4985,8701
0,20506,3556,3648,4782,10041
0,21228,4309,3732,4844,10019
0,20742,4545,3864,4054,9988
0,20762,4448,4013,5793,9887
0,21130,4614,4020,4928,9139
0,21032,4712,4039,4780,9553
0,20992,4375,3921,5020,9657
0,20944,4246,3792,5239,9700
0,20732,4253,4211,5291,9951
0,20512,4769,2780,5119,9956
478,21041,2850,3296,5417,9875
0,20889,4677,4032,4597,9841
0,20616,4679,4074,4624,9028
0,20751,3844,3971,5336,9661
0,21456,4548,3716,5204,9641
0,20926,4584,3874,5118,9721
0,20979,4748,4234,4757,9213
231,21008,4473,3703,5163,9556
0,21160,4268,3970,4932,10808
0,20721,4263,3882,5160,9833
0,19951,4578,3601,5009,9939
320,21357,5061,3594,4965,9949
72,20879,4493,4025,5114,9628
0,21292,4434,4161,4744,10085
0,20689,4236,3656,5282,9583
0,20784,4181,3730,4735,9940
0,21175,4566,3792,4805,10049
0,20719,4487,3857,4786,10071
0,21004,4661,4621,4609,9848
0,21050,4606,4112,4778,9410
341,21116,4592,3325,5698,9592
0,21223,4600,3964,5218,10319
0,20846,4251,2767,6176,9695
0,20775,4405,4494,4944,10177
0,20593,4372,3833,4632,9934
0,20768,4456,3863,4712,9864
0,20980,4558,4187,4572,9361
0,20970,4669,3200,4765,9108
134,20896,4406,3864,4228,9909
0,21197,4752,4185,4969,9468
0,21139,4427,4168,5037,9762
0,20845,4442,3654,5010,9872
0,20749,4487,4043,4721,9566
0,20971,4626,4036,5616,9689
0,21131,4784,4060,4520,10184
0,21144,4773,4243,4824,9717
0,21158,4498,4259,5124,9320
0,21353,4636,3827,4420,9994
0,20893,4418,4116,5018,9695
0,21219,4480,3906,5300,9790
217,21289,4687,3771,4939,9644
0,21409,4631,3877,8588,10409
0,20934,4207,2664,5421,9866
0,20735,5328,3530,4910,10356
0,20119,4440,3970,4611,9680
0,20950,4574,3981,5141,9575
0,21270,4764,4090,4912,9577
0,21290,4230,4377,4953,9482
0,21276,4493,3974,5121,9917
0,21094,4678,3971,4903,9536
0,21144,4760,3976,4714,9759
0,21237,4526,4216,4900,9211
0,21274,4480,4006,5241,10114
16,21179,4666,3982,4772,9726
0,21028,4002,3834,5146,8981
0,20744,4901,3594,4999,9962
0,20949,4620,3379,4708,10101
0,21028,4641,4059,5522,9642
0,21360,4666,4010,3638,9633
12,21280,4798,3961,5137,9810
0,20839,4252,3890,5192,9726
0,20777,4247,3628,4537,10253
151,20443,4226,3885,5440,10018
202,21282,5131,3704,5008,9766
0,21374,4616,3750,4841,10068
0,20756,4560,3886,4560,10016
0,20855,4416,4002,4791,9053
0,20888,4320,3822,4785,9864
0,21096,4508,4008,5094,9780
0,21168,4559,4141,4020,9821
0,21060,4592,3728,5070,7278
0,21248,4953,3412,4040,9900
0,21265,4464,3920,5096,10420
194,21129,4841,4213,4948,9474
0,21229,4363,3664,5202,9900
0,20060,3377,3627,5428,9978
0,20889,3922,3567,5117,9926
0,20858,5275,3829,4804,10370
0,20065,3926,3932,4558,9928
0,21160,4700,4085,4973,9549
0,21108,4397,3785,5205,9806
0,20862,4171,3877,4944,9780
0,21508,4451,3476,4052,10277
0,21097,4592,4067,4612,9830
252,21329,4693,4041,5341,9784
1,21183,4642,4130,5208,9662
0,21205,3759,3994,5177,9001
0,21799,4468,3694,5421,9684
0,21114,4624,3776,5264,9772
0,21222,5017,4606,4984,9950
0,20899,5018,3307,5246,9907
0,21204,4780,3989,4711,9741
0,20521,4792,4119,4624,9791
0,21388,5813,4440,4980,9616
0,21560,4577,3312,5049,9480
12,20626,5000,3934,5119,9771
0,21252,5044,3797,5286,9660
0,21318,4411,3798,4808,10131
0,20248,4749,3610,4984,10068
0,21112,4041,3619,4988,9979
0,21656,5112,3481,5106,9960
545,21500,4434,3752,5330,9865
0,22145,4419,3878,4786,10050
0,21288,4366,3796,4736,9829
0,21503,4733,4052,4818,9780
0,21570,4691,3989,4752,9511
26,21818,4740,4071,5056,9496
17,21479,4486,4217,3984,9582
0,21144,4347,3834,5324,9583
0,21180,4371,3568,4294,10282
0,21312,4319,6126,5280,10012
0,21122,5014,3669,4252,9304
0,21136,4045,3574,5118,9979
440,21426,4416,3704,5137,9928
0,21240,4064,3962,4698,8697
0,21224,4358,3864,4839,9875
0,21514,4791,4018,4580,10192
0,20550,4810,4204,4494,9808
0,21495,4705,4127,4869,9751
108,21914,4796,4087,5062,9587
0,21745,5442,3932,5129,9933
18,21459,4916,4344,5079,10227
0,21402,4547,3664,5321,9762
94,21840,4830,4018,5158,9703
840,21700,5915,4141,4962,9485
0,20724,4724,4100,5116,9640
0,21348,4418,3854,5260,9596
0,21186,5130,3908,5048,9955
0,21200,3561,3725,5063,9947
0,20968,4492,4029,4961,9955
0,21417,4665,3906,3816,10164
0,21223,3731,4215,4895,9668
0,21344,4841,5213,4961,9613
0,21848,4692,3978,5982,9692
0,21213,4581,3859,4506,10366
0,21016,4510,3848,4965,9944
0,21062,5608,3677,4890,9049
0,20365,4388,3809,5039,9185
0,20944,4216,3671,5177,9952
39,21568,4730,3687,5139,9413
745,21381,4986,4177,4569,9669
0,21329,4467,3974,5220,9741
77,21235,4616,3805,5346,9721
0,21271,4405,3731,5119,10002
0,20833,4355,4609,5038,10037
0,20999,4408,4831,5121,9904
0,21204,4491,3962,4975,9964
464,21399,4236,3598,5000,9513
0,20990,4489,4033,3503,10121
0,21323,4640,3987,6055,9727
0,21430,4953,4002,5192,9853
0,21406,4352,4169,4971,9467
0,21443,4865,4246,5077,9501
743,21501,4658,3951,4693,9738
225,20859,4837,4077,4848,9722
0,21260,4454,3986,5309,9590
0,21620,4475,3236,5238,10034
0,21370,4516,4164,5213,9736
0,21135,4453,3908,5244,9328
0,21085,4332,3814,5397,9700
0,21204,4416,3760,5119,10104
0,20096,4436,3674,4988,10005
217,21561,4340,3803,4873,9326
0,21241,4465,3798,4290,11396
0,21385,4538,4089,4656,9720
0,21315,4688,4116,4996,8872
0,21520,4616,3872,4958,9592
10,21357,4709,5510,4890,10434
0,21152,4355,3876,5167,9770
0,21054,4278,3620,5098,9922
0,20825,4449,3904,4816,10036
0,21044,4379,4305,4841,9804
0,21322,4864,4354,4901,9654
0,21477,5320,4031,5237,9716
0,21216,4475,3838,5294,9838
0,21179,4405,3677,5280,10199
0,21116,4098,2755,5721,9796
0,21011,4261,3740,5365,9864
0,21048,5050,3970,4951,10133
0,21158,4404,3941,5012,10023
0,21664,4521,3833,4944,9842
0,21400,4678,4047,4865,9834
0,21296,4793,4140,4967,9286
309,21371,4602,4030,4755,9914
90,21516,4697,4217,5128,9584
0,21319,4469,4516,5093,10432
0,21265,4167,3719,5280,9782
0,20944,4337,3664,4818,10004
0,20829,4604,3554,4984,9977
0,20900,4557,4398,4884,10078
24,21859,4937,3739,4816,10126
0,21060,4598,3898,4623,9864
0,20977,4548,4176,4720,9846
0,21083,4659,3913,4288,10076
321,22359,4460,3291,4633,10221
0,21455,4453,3820,5562,10072
566,21296,4375,3475,5119,9941
0,21105,4327,3850,5012,10080
617,21644,4448,3710,5065,10084
0,21176,4802,3887,5076,9981
0,21192,4382,3876,5232,9554
0,21080,4347,3670,5204,9811
0,21262,5398,3897,5054,9982
0,21592,4632,3880,4897,9839
893,20736,4351,3765,5492,9898
592,21239,4303,3729,5241,9607
0,21171,4869,3656,4952,9987
0,21270,4406,3754,5388,9861
0,21868,4342,3819,5177,9816
0,21440,4397,3918,5258,9756
0,21630,4607,3744,5245,9681
0,22100,4146,3905,5241,9880
0,21456,4688,4086,5119,9237
0,21396,4522,3862,5256,9620
0,21987,5003,3940,5170,9591
0,21862,4837,4162,5083,9689
0,20983,4923,3939,4684,9867
0,21529,4824,3979,4711,9892
0,21984,4661,4142,4982,10081
0,20671,5416,3626,4912,9890
0,21073,4728,2609,5548,9743
0,21058,4932,2624,5085,9921
0,20620,4557,3561,4659,9877
0,21351,3837,3592,3160,10050
0,21318,4076,3499,4905,10305
0,21388,4438,2794,5452,9800
0,21503,4531,3992,5248,9554
91,21501,4712,4089,5046,9362
0,21588,4862,4007,4978,9558
0,21220,3782,4115,4875,9746
0,21451,4756,3316,5141,9499
0,21384,4762,4001,4962,9483
0,21479,4779,4335,4944,9521
0,21484,4832,4148,4932,9489
0,21344,4743,4017,5093,9619
0,22072,4521,3919,5117,10059
72,21296,4832,3935,4312,10479
0,21200,4560,4156,5056,9778
0,20942,4237,3832,5224,9831
0,21042,4265,3865,4870,10032
0,21120,4305,3812,5130,9902
0,20863,3431,3705,4911,9588
0,21001,4129,3637,4553,9904
0,20672,4333,3560,4802,9990
0,20963,4613,3938,4698,10002
0,20834,4491,3191,4445,9894
0,21369,4617,4024,4902,9747
0,21245,4808,4177,4950,9596
0,21293,4418,3966,5195,9528
0,21189,4574,3844,5193,9604
0,21011,4348,3872,5148,9764
0,20893,4154,3277,5444,9757
0,20853,5464,3565,5080,9921
0,20778,4789,4160,5725,9752
0,20566,4514,4004,5030,8729
0,20976,4597,3972,5816,9762
0,21249,4683,4372,4951,9434
0,21171,4026,4213,4981,9182
0,21227,4439,4185,5104,9352
0,21312,4973,4187,4955,9880
0,21211,4552,3985,5129,9565
0,20077,4341,3962,4956,10707
290,20787,4434,3486,5215,9657
0,20931,4104,3739,4973,9939
0,20776,4226,3984,5239,9416
0,20571,4124,3830,5264,9898
0,20425,4100,3740,5056,9837
0,20637,4216,3768,4655,10309
0,20338,4004,4166,5006,9964
0,20032,4066,3536,5085,10001
0,20359,4422,3960,3876,9997
0,19520,3693,4119,4795,9830
0,20636,4418,4160,5037,9632
0,20747,4506,4160,5111,9538
0,20585,4117,4331,5056,9536
0,20287,4218,3967,5198,9793
0,20317,4198,3958,5237,9580
0,20531,4604,3976,5227,9605
0,20823,4304,3887,5234,9688
0,20321,3923,4038,5147,9723
0,20108,4042,3531,5551,9719
0,20168,3974,4006,5230,9639
0,20294,4145,3797,4782,10048
0,20078,4118,3882,5168,9839
0,19963,5186,3696,5109,9221
0,19802,3941,3582,4986,9967
0,20066,3866,3563,4696,10214
0,19890,3834,3848,4630,10096
0,19905,4131,3896,4671,9905
0,19526,4121,3770,4696,10135
0,20033,4159,4056,4587,9958
0,19838,4267,3950,5672,9560
0,20009,4281,4125,5017,9764
0,20235,4209,4117,5024,10412
0,20194,3705,4012,5033,9920
0,19981,4010,3909,5156,9588
0,20034,4110,3799,5236,9747
0,20222,4308,3979,4741,10394
0,20269,4323,4456,5119,10305
0,20104,4608,4304,4987,9530
0,20048,4236,4265,4976,9539
0,20025,4293,4028,4921,9445
0,20680,4339,4064,5104,9411
0,20885,4265,4277,4965,10360
0,20080,4152,3957,5090,9533
0,19682,4084,3785,5263,9890
0,20083,4083,4145,4939,9512
0,20300,4085,4013,5104,9589
0,20113,3679,4160,4905,9796
0,19712,4498,3927,4865,9748
0,19986,4357,3937,5173,9628
0,20360,4580,3924,5062,9558
0,20018,4225,4071,4985,9716
0,20008,3769,4008,4945,9770
0,19903,4252,4009,5099,9685
0,20130,4361,4197,5133,9437
0,20091,4188,4239,5163,9876
0,20000,4160,4221,4913,9308
0,19687,3962,3914,5415,9772
0,19852,3957,3844,5100,9678
0,19701,4037,3914,5216,9866
0,19434,3899,4196,5213,9810
0,19507,3803,3920,5243,9336
0,19378,3800,3705,5003,9892
0,20116,4109,3807,4808,10118
0,18936,3593,4047,4717,9598
0,19381,3811,3392,4826,9780
0,19349,3986,3850,4972,9720
0,19482,4274,3893,4675,9769
0,19412,4008,3927,4579,9962
0,19352,4056,3269,4866,9823
0,19311,4075,4034,4817,9713
0,19632,4330,5672,4959,9604
0,19624,3982,3700,5045,9844
0,19666,3788,3750,5273,9716
0,18832,4148,4931,4996,10008
0,19985,3862,4759,5225,10084
0,19360,4090,3835,4729,10325
0,19651,3016,4223,4817,9697
0,19550,3544,4171,5059,9467
0,19823,4166,3991,5178,9762
0,19392,3824,3277,5316,9956
0,19580,3609,3567,5357,9950
0,19433,4023,3878,4576,9933
0,19543,3989,3125,6028,9765
0,19600,4293,3582,5032,9599
0,19821,4138,4027,5103,9602
0,19472,4239,4017,5184,9729
0,19562,3944,3962,5292,9633
0,18299,3912,3650,5225,9998
0,18809,3785,3350,5048,10087
0,19351,4545,3657,5168,9888
0,19228,3678,3675,5146,9917
0,19254,4891,3760,5086,9960
0,19061,3007,3872,4945,9904
0,19392,3945,4052,5124,9652
0,19253,4456,3949,5289,9637
0,19657,4009,3837,5217,9537
0,19712,4005,4722,5056,10143
0,19043,3700,4232,4910,9665
0,19594,3730,4084,5032,9578
0,19548,4280,4196,5060,9508
0,19629,4408,4200,4489,9733
0,19395,4232,4032,5645,9884
0,19372,4115,4114,4858,9730
0,19405,4190,3562,5064,9555
0,19371,4172,4058,4933,9316
0,19313,4364,3906,3853,9830
0,19281,4117,4008,4946,10192
0,19013,4809,3597,4853,10268
0,19156,4348,3785,5266,9764
0,19110,3270,3833,5193,9793
0,19025,3846,3852,5092,8034
0,19112,3542,3635,4988,9920
0,19471,4903,3048,5321,9834
0,19235,3929,3818,5305,9881
0,18689,3800,3831,5330,9828
0,19197,3776,3912,5216,9822
0,19112,3787,3258,5365,9610
0,19265,3920,4160,4949,9489
0,19758,4795,4064,5099,9590
0,19409,4617,4232,4948,9704
0,19336,3976,3941,4952,9722
0,19214,4144,3593,5278,9641
0,19328,3522,4133,5039,9668
0,19356,4252,4299,5038,9671
0,19185,3764,4444,5037,9597
0,19070,4017,3382,5673,10313
0,19143,3360,4258,4473,9433
0,19490,4243,3862,5238,9811
0,19341,3568,4152,5088,9516
0,19264,3825,4084,5090,9363
0,19199,3236,3808,5342,9320
0,19052,4042,4145,5160,9615
0,19118,4296,4056,4932,9633
0,19123,4002,3979,4890,9901
0,19150,3800,3954,4739,9907
0,19025,1575,4127,5536,9768
0,18855,4052,4023,4645,9756
0,18856,3863,3925,4863,9725
0,18797,4152,3845,3995,9936
0,18718,3942,4521,4762,9896
0,18897,3702,3769,4928,10119
0,19108,3765,3678,4944,10155
0,18823,4753,3791,4994,10000
10,19313,3522,4220,4735,10176
0,17751,3892,3944,4843,10063
42,18806,3563,3964,4869,10093
39,18915,2624,3019,4860,9940
293,18798,3516,3709,4916,9960
0,18564,4269,4647,4928,10078
0,18583,3520,3558,4916,10136
0,18695,3208,3682,5046,10057
0,18614,3618,3852,5275,9831
0,18662,3715,3929,5429,9633
0,18736,3242,4001,5247,9604
0,19056,4202,4104,5160,10472
0,18884,4017,3901,4881,9652
0,18692,2348,4169,4868,9578
0,18968,3240,3480,5033,9632
41,18878,3967,4170,5128,9580
0,18974,3792,4114,5124,9677
0,18684,4079,3830,4696,9866
0,18395,3673,5622,5029,9906
0,18369,3488,3721,4912,9884
0,18093,3680,3910,4945,9727
0,17682,3571,3793,4886,10075
0,18479,3752,3820,4345,10349
0,18554,3697,3766,4892,10150
0,18477,3605,3898,4564,9891
0,18548,3910,3882,4738,9810
0,18654,3782,3995,5656,9837
0,18436,4811,4054,4970,9624
0,18712,4299,4066,4989,9579
0,18404,3314,4205,5068,10027
0,18476,3669,3908,5202,9383
0,18605,3638,3862,5240,9746
0,18497,3657,3981,5040,9893
0,18816,4100,4383,5051,9594
0,18680,4150,4203,5680,9614
0,18460,3887,4148,4928,9076
0,18500,3986,4193,4961,9610
0,18390,3825,3976,5080,9600
0,18351,4384,2314,4867,10035
0,18475,3371,3523,5055,10128
0,18438,3607,3912,2516,9849
0,18293,3717,4028,5229,9777
0,18612,3822,4106,5048,9490
0,17972,3962,3820,5184,9204
0,18330,3729,3934,6116,9824
0,18285,3804,4488,4859,9804
0,18512,3927,3813,4889,10061
0,18175,3916,4381,5000,10005
0,18246,3597,4040,5119,9909
0,18614,3918,4168,5119,9626
0,17744,3984,4224,5844,9730
0,18168,3774,4159,4680,8067
0,17880,3610,3912,4809,9696
0,18278,3425,3722,4633,9994
0,18323,3589,3565,5149,9976
0,18587,3763,4081,5138,10573
0,18357,3846,4009,4935,9654
0,18084,3766,3701,4806,10096
0,18206,3489,3706,5170,9970
0,18337,3582,3846,5352,9684
0,18697,3939,4008,4775,10201
0,18496,4016,4040,4875,9714
0,18342,3814,4018,4796,9971
0,17793,3688,3843,4838,10124
0,18182,3323,3808,4815,9873
0,17925,3772,3928,5075,10010
0,19267,3818,3966,4991,10384
0,17952,3699,4033,4893,10149
0,19061,2971,3883,4936,10118
0,17856,3656,3264,5737,9926
0,17917,5533,3414,5084,10031
0,17913,3858,3695,4980,10048
0,17775,3650,3856,4808,10065
0,18456,3446,3888,4765,10194
0,17868,3688,3919,4977,9896
0,17819,3474,3488,4794,9865
0,18198,3587,3714,4606,10058
0,18116,3207,3800,4858,10210
0,18112,3665,3699,4783,9547
0,17984,3589,3842,4973,11471
0,18111,3864,3833,5104,10068
0,17996,3708,3988,4784,10076
0,17939,2523,3891,4820,10225
0,17674,3485,3825,4878,10016
0,17663,3468,3595,5119,10004
0,17917,3190,3535,4536,10036
0,17972,3319,3620,4990,10170
0,17688,2756,3560,5041,10009
0,17869,3340,3801,5151,9921
0,17848,3361,3670,5240,9888
0,16752,3525,3727,5111,9901
0,17927,7001,3716,5273,9868
0,17866,3481,3929,5132,9960
0,17738,3436,3834,5221,9644
0,17749,3327,3624,5080,9968
0,17988,4016,4079,5241,9874
0,17799,3485,2706,4928,10018
0,17162,2404,3792,5353,10004
0,17873,3474,2820,5088,9949
0,17754,3081,4113,5141,9987
0,18384,3154,3755,5434,9921
0,18064,3609,3811,5145,9969
0,17897,3675,3918,5012,10284
0,18140,3716,4205,5129,10392
0,17876,2425,4212,4824,9642
0,18103,3725,4033,4960,9684
0,18020,3820,3449,5559,9845
0,18094,4220,4098,5335,9690
0,18289,3805,4121,5075,9688
0,18072,3360,3567,5456,9834
0,18180,3270,4262,4980,9938
22,17830,3792,3836,5171,10036
0,17264,3428,4607,4772,9453
0,17656,3361,4370,4912,10133
0,17846,3378,4027,5060,10111
0,18687,3491,3987,4928,10220
0,18075,3412,3816,4890,9800
0,17778,3408,3748,4871,10091
0,17739,3101,3538,5186,9975
0,17825,3928,3447,5078,10112
0,17792,3466,3852,5148,9980
0,17618,3620,4796,5016,9741
0,17548,3219,3392,5802,9896
0,17519,4109,3586,5131,9938
0,18652,3600,4432,4872,10049
0,17649,2658,5594,4757,10033
0,17668,3600,3827,4854,9729
0,18004,3707,3993,5032,9760
0,17961,3762,3949,4865,9855
0,17788,3738,3908,4919,9938
0,17714,3613,3999,4834,9924
0,17364,2290,4960,4913,9986
0,17463,3673,2484,4948,9004
0,18273,3432,4328,4930,9992
0,17601,3628,3843,4354,10402
0,16911,3646,3961,4832,8378
0,17585,3397,3858,4810,9433
0,17544,3261,3221,5194,10024
0,17456,4120,3690,5196,9970
0,17555,3880,3621,5100,9838
0,17481,3594,3816,4925,10157
0,17468,3589,4776,3963,9345
0,17410,3794,4507,5147,9944
438,17871,3269,3744,5097,9852
0,16848,3765,4032,4755,9855
0,17698,3743,3538,4766,9852
0,17623,3681,4019,5926,9762
0,17783,3805,3984,4734,9892
0,17884,3186,4152,5392,9707
0,17944,4002,4213,4858,9602
0,18113,3791,3577,5112,11064
0,17333,3658,3799,5153,9664
0,17773,3614,4108,5174,9284
0,17660,3144,3625,5482,9868
924,17724,3562,3948,5168,9987
0,16490,3300,3173,4745,9890
0,17686,4111,3508,4880,9767
0,17737,3828,4218,4866,9726
571,17750,2714,4042,4971,9778
0,17547,3451,3890,5152,9797
0,17650,3559,3885,5039,9974
0,17407,3150,3894,5225,9888
0,17239,3578,3556,5029,10040
0,17679,3575,3801,4298,10394
0,17612,3723,4202,4852,9104
0,18017,4001,4206,5191,9492
0,17641,2614,3882,5177,9864
0,17395,3061,3602,5301,9916
0,17473,3145,3690,5114,10071
0,17611,3450,3484,4844,10114
0,17498,3705,4069,4551,9882
0,16909,3716,4068,4617,9718
0,17603,3412,3750,4962,10112
0,17353,3302,3865,4724,9850
0,17791,3759,4028,4965,9700
0,16742,3709,4135,4721,9688
0,17721,3792,4184,4373,9544
0,18329,3551,4046,5163,9551
0,17808,4155,4222,4478,9956
0,17915,3891,4356,5066,9548
0,17727,3435,4314,5055,10744
0,17545,3490,3717,5340,9681
23,17385,3744,4084,5161,10055
0,17517,3586,3952,4832,9944
0,17580,3797,4232,5009,9558
0,17554,3200,4258,4922,9536
0,17258,3458,3896,5141,9780
0,17676,3664,4132,5135,9613
0,17539,3790,4174,5014,9630
0,17577,3904,4009,4974,9671
0,17380,3653,3618,4332,9974
0,17192,3346,4359,4814,10227
0,17375,3356,4110,5341,9815
0,17360,3354,3860,5390,9901
0,16680,3458,4003,5120,9746
0,17323,2372,4246,4936,9648
0,17387,3369,3974,5401,9858
0,17333,3535,4036,4805,9234
0,17784,3440,3928,4932,9829
168,17343,3144,3480,5285,9978
